187
156
159
134
133
218
148
105
145
142
138
191
132
148
194
206
206
139
144
132
139
170
159
130
190
145
128
154
125
115
154
146
194
194
196
182
139
130
189
149
173
135
107
161
152
112
187
130
129
161
137
187
166
178
145
131
158
144
168
142
120
151
130
142
237
143
216
125
232
201
159
132
147
131
129
213
191
181
142
136
113
148
144
165
134
193
171
149
153
226
175
141
142
176
166
121
199
128
155
160
119
116
114
165
130
172
136
148
156
153
144
152
226
190
161
133
126
175
147
179
153
162
136
158
216
130
177
170
125
128
154
156
154
148
117
126
148
121
213
139
142
137
159
170
170
153
192
181
205
135
176
143
121
218
149
114
205
172
132
130
201
132
165
118
117
141
158
159
147
141
180
141
150
157
120
186
150
200
148
133
132
209
178
164
111
188
184
161
179
177
155
145
133
203
163
195
144
158
163
128
136
138
199
119
157
173
184
138
142
162
196
131
173
165
127
184
155
172
157
130
152
126
143
161
142
150
152
134
122
156
138
166
221
128
164
114
174
165
197
150
161
225
162
213
147
140
147
138
171
135
168
132
144
150
161
145
118
175
179
174
145
135
166
164
195
136
151
166
147
160
149
144
119
148
137
150
178
220
211
196
150
191
127
202
147
182
156
166
147
159
129
171
160
138
164
172
183
161
145
123
208
160
171
144
136
146
119
150
128
149
174
148
162
131
187
154
158
174
155
204
188
135
172
181
199
192
154
131
178
153
173
185
155
114
206
141
155
149
149
171
158
181
173
158
153
148
138
128
158
127
198
157
146
162
142
188
116
149
145
148
199
201
124
137
131
129
190
132
160
235
166
162
112
140
147
177
164
168
201
188
191
142
141
140
157
141
158
120
184
186
186
133
132
169
156
149
152
167
136
185
147
169
157
120
147
130
168
137
243
185
151
141
158
115
149
188
184
114
160
147
137
174
170
138
150
221
130
187
169
115
190
217
154
193
205
206
112
144
187
177
169
177
172
172
143
145
152
145
190
152
176
134
149
172
173
165
165
159
141
142
158
157
161
196
152
157
151
151
191
107
198
188
169
151
173
207
155
121
170
164
143
145
150
133
145
163
142
160
101
208
128
197
132
153
224
143
135
202
217
242
183
176
165
220
151
190
165
167
160
171
123
178
148
112
162
177
145
149
133
142
204
139
141
153
163
153
174
152
156
143
132
184
120
173
193
196
141
128
224
206
225
128
145
117
154
129
142
154
209
140
211
162
116
139
140
162
182
115
127
122
156
149
169
119
137
149
187
151
144
141
126
203
192
158
205
115
113
116
128
202
205
151
112
150
141
165
137
149
113
139
157
115
171
147
160
163
151
207
166
129
195
158
152
191
135
176
131
160
159
188
212
127
117
143
103
146
110
173
132
234
200
143
145
171
148
143
129
161
120
120
153
161
176
132
186
134
131
166
173
172
117
156
117
163
141
134
209
188
129
171
179
174
176
150
241
146
172
175
146
217
130
144
150
162
145
153
109
149
189
151
163
166
130
134
188
194
118
175
156
133
162
141
131
166
171
137
146
155
178
159
179
168
158
172
119
173
148
161
142
116
156
162
141
161
217
144
136
130
182
164
118
128
159
184
155
204
213
141
147
159
146
170
161
170
144
198
174
143
150
151
218
114
197
176
203
117
141
149
139
121
115
151
138
180
159
190
157
162
187
166
153
184
129
173
166
168
171
172
214
169
135
155
213
166
140
186
156
229
143
161
161
179
153
124
110
161
158
155
163
177
199
159
158
143
145
186
157
145
197
164
176
175
156
140
159
203
153
154
127
133
206
145
195
164
184
159
160
116
169
150
188
198
127
143
176
117
113
172
153
160
152
159
127
109
224
178
197
141
119
130
169
129
194
171
137
146
164
143
143
163
175
160
158
186
175
158
145
162
159
217
128
119
183
129
155
202
156
174
132
141
146
155
151
117
174
146
152
164
167
144
149
150
164
153
162
136
163
111
144
146
179
198
150
125
154
167
184
143
236
140
142
171
139
140
125
147
143
170
193
134
132
114
116
142
149
119
171
146
181
142
147
159
156
209
165
152
128
181
166
180
156
143
149
182
167
148
184
140
155
159
134
163
178
189
202
118
239
179
193
213
179
163
113
189
156
110
127
168
146
139
129
196
181
176
118
184
192
144
141
130
190
148
134
126
133
164
160
123
143
175
161
215
142
146
146
191
222
152
115
127
155
126
167
116
137
148
187
128
174
179
170
122
146
111
213
129
198
138
119
177
158
175
158
202
163
138
158
149
170
248
178
155
162
153
158
136
168
182
114
189
167
231
116
168
133
165
151
211
134
144
137
215
169
140
157
158
174
198
185
151
181
147
128
184
186
149
157
144
216
162
161
177
177
154
129
139
175
160
186
143
159
158
178
177
144
159
166
183
149
218
131
119
232
171
188
140
165
169
167
172
140
125
127
111
172
179
131
170
191
113
142
142
168
160
133
111
131
188
200
168
160
131
157
166
140
218
179
140
184
137
156
163
133
150
163
212
190
149
161
175
174
154
194
139
135
170
137
146
131
175
127
188
165
182
153
140
231
127
209
124
197
163
179
129
160
265
175
159
211
181
171
119
185
159
128
177
193
192
154
153
106
134
176
167
172
197
175
196
143
175
129
145
150
200
132
206
142
124
179
154
144
139
212
201
190
175
160
168
188
141
179
148
118
141
127
129
141
144
219
150
134
159
153
183
114
150
190
159
224
164
129
189
135
153
154
168
136
164
115
143
204
113
208
138
166
217
153
123
184
194
151
157
158
166
160
132
139
185
185
218
144
127
148
115
116
208
130
146
218
157
195
163
155
150
170
186
138
135
118
144
170
165
191
155
170
167
129
172
169
206
147
160
152
189
158
157
166
128
150
157
183
113
176
116
130
156
163
151
188
180
133
143
143
197
147
140
160
197
167
153
204
134
179
127
128
113
178
165
168
168
155
143
127
188
176
145
145
130
181
204
186
157
183
182
227
147
138
142
139
194
162
206
180
131
127
146
172
163
163
116
178
194
184
153
168
193
154
168
146
157
188
180
177
150
117
147
173
182
178
171
141
184
146
160
167
144
184
122
146
185
157
129
196
199
148
108
116
112
161
157
135
157
136
145
175
145
143
135
190
130
128
172
182
160
140
164
166
217
194
159
130
156
161
115
149
183
153
186
183
147
152
136
152
183
133
152
133
139
197
173
190
166
149
128
160
145
180
169
180
205
133
163
168
137
144
178
182
162
137
174
129
163
132
189
174
188
135
203
183
178
205
174
142
222
195
190
177
150
232
142
134
130
201
161
157
178
111
182
183
169
183
178
181
152
147
138
145
157
183
147
118
118
180
154
170
140
157
132
117
114
175
242
220
121
124
202
138
119
221
135
134
173
159
161
141
116
180
104
156
157
153
142
162
217
138
110
130
190
179
151
141
142
160
218
137
183
207
146
223
162
163
136
150
173
161
154
134
174
124
128
186
141
154
157
115
153
140
139
160
162
177
161
177
186
156
163
147
184
140
150
148
153
174
230
173
103
106
174
126
143
151
156
151
155
174
152
155
242
173
138
116
117
183
148
200
149
143
149
198
181
166
159
175
127
146
204
142
156
128
218
146
139
164
149
137
167
188
123
152
132
147
160
163
125
153
129
157
162
181
209
139
166
193
137
155
187
140
148
173
208
145
206
189
162
145
155
206
149
198
156
132
126
225
168
222
192
180
177
155
189
153
150
133
129
115
125
163
136
194
163
167
160
161
186
149
118
157
159
190
155
159
179
193
160
113
163
143
132
158
108
127
148
152
206
139
133
146
131
186
189
198
144
239
201
188
142
139
193
138
138
167
144
140
160
141
169
146
133
174
144
142
149
147
129
209
167
120
146
114
174
149
148
131
129
120
151
136
116
138
171
113
129
119
124
164
176
154
243
154
158
164
130
126
143
129
158
191
140
139
174
153
179
149
163
142
150
164
202
126
171
114
180
177
150
185
201
131
176
132
146
151
110
140
167
182
137
142
204
137
173
140
152
127
152
146
117
170
139
142
136
152
141
150
190
129
113
177
117
176
163
156
118
155
189
161
158
167
144
115
187
146
179
119
168
127
162
165
149
121
201
144
157
250
152
154
164
159
104
148
129
133
164
204
130
149
141
148
139
141
204
165
148
210
162
133
130
113
151
151
182
119
117
179
200
142
148
154
130
148
148
108
128
161
165
162
160
170
140
203
131
135
141
168
165
129
115
112
183
177
163
178
133
179
158
177
178
191
175
118
130
124
158
177
139
156
139
180
176
191
128
150
116
139
195
157
173
162
131
241
159
169
138
144
153
162
208
159
146
119
128
143
163
223
173
122
147
113
131
152
130
139
114
116
208
198
185
182
194
186
166
134
143
165
130
192
147
179
147
185
159
171
154
195
156
142
142
116
171
142
151
179
146
125
199
184
134
206
119
129
165
152
184
165
146
172
201
159
220
182
184
154
164
203
163
167
169
144
150
154
170
167
132
126
165
160
194
163
168
144
148
