152
129
213
147
193
178
121
150
188
136
146
218
142
139
144
138
113
167
150
205
172
143
152
204
192
196
204
187
163
116
114
131
165
168
163
147
159
165
156
191
154
127
128
133
158
138
132
264
156
154
142
138
145
156
165
150
161
150
135
142
114
136
185
154
128
149
156
163
186
139
184
206
117
142
118
160
150
176
169
176
130
163
182
195
134
151
169
207
224
159
222
112
198
144
169
156
210
141
151
114
168
158
142
153
117
139
184
156
154
129
120
173
150
174
150
196
247
144
163
188
144
152
150
153
183
148
159
137
114
188
194
165
141
179
130
141
191
142
176
153
123
148
146
117
132
195
150
167
133
148
141
144
142
179
187
113
160
258
171
147
220
152
167
158
105
201
165
140
134
152
177
135
142
181
198
142
161
162
218
158
193
164
189
169
138
136
128
183
161
165
120
143
163
133
139
164
173
128
165
163
184
158
143
130
214
173
104
196
146
155
114
160
145
187
150
163
203
141
132
164
147
141
125
117
166
127
188
180
119
155
174
160
180
188
127
159
115
205
132
140
155
189
168
173
129
163
185
181
165
174
153
127
149
176
159
158
181
148
173
194
165
154
161
175
151
115
166
132
195
201
125
173
141
191
189
128
189
175
160
117
167
162
156
153
151
123
156
165
173
154
118
154
152
152
161
144
161
134
159
176
198
167
131
185
158
142
166
156
179
172
216
159
139
150
181
194
161
184
140
196
134
175
145
170
146
171
139
192
181
126
157
142
147
152
149
148
149
178
130
170
258
164
144
131
167
146
173
149
169
146
147
165
139
170
156
138
134
208
194
159
158
193
177
147
133
183
169
198
182
228
142
172
168
177
192
138
107
156
131
112
128
126
193
156
172
153
148
170
166
186
194
142
175
193
173
188
227
136
152
134
159
156
138
193
155
142
154
166
142
187
166
160
208
161
153
239
136
129
192
174
171
162
123
164
109
192
129
133
156
137
161
153
130
193
142
172
235
160
179
139
175
224
162
131
184
142
207
161
209
167
166
137
155
142
164
140
150
178
176
152
151
131
110
210
130
225
202
143
188
145
169
159
157
177
120
187
188
114
169
157
183
172
122
160
160
161
193
195
113
143
172
164
127
171
160
199
144
238
141
214
128
164
216
126
144
113
129
208
145
175
131
154
167
148
115
142
213
113
183
141
149
136
166
165
201
140
150
144
161
156
171
129
198
217
175
147
128
171
118
171
157
171
143
118
137
181
142
176
147
146
145
124
199
146
166
115
229
127
166
185
160
178
196
171
149
136
149
162
162
115
165
137
175
149
140
142
193
140
211
136
179
183
136
193
114
154
162
147
132
196
210
173
146
161
163
214
140
128
166
164
145
183
132
173
157
144
146
171
136
152
112
150
114
188
145
148
176
149
113
179
147
203
152
188
145
156
126
116
161
115
187
126
166
228
110
130
143
229
141
219
136
203
158
152
163
224
178
133
167
115
138
127
177
182
198
147
121
167
146
127
174
162
124
157
131
136
117
142
161
218
127
201
160
128
167
207
161
180
144
147
213
200
171
149
149
185
159
158
146
119
159
143
136
201
225
116
134
197
173
157
116
158
174
121
116
105
130
160
167
152
179
140
148
149
159
116
171
172
212
196
146
174
191
113
140
174
140
173
160
148
163
156
152
158
193
157
179
146
140
131
178
154
174
134
143
142
203
197
163
160
136
132
194
148
170
171
118
114
117
159
160
189
149
167
187
176
163
144
187
132
251
202
146
148
158
158
171
152
161
163
147
145
154
165
198
103
154
164
137
137
189
174
173
147
190
179
192
115
159
141
165
162
183
173
113
156
204
158
160
141
169
161
169
147
126
159
142
139
155
169
150
184
239
131
177
184
132
190
114
193
151
170
149
177
145
173
188
237
172
142
158
144
203
175
151
133
155
156
132
143
136
198
116
139
142
186
142
171
166
173
136
226
158
159
144
203
117
252
139
218
156
143
142
152
163
160
205
183
140
146
116
234
162
142
117
183
150
141
156
153
117
179
130
130
141
125
171
143
198
185
230
151
168
149
175
154
141
159
177
231
117
215
155
136
128
201
140
116
148
177
172
162
208
196
143
183
127
151
170
178
108
158
178
151
139
146
141
157
136
143
160
173
196
174
118
131
184
146
116
193
160
174
153
125
135
157
164
110
164
230
133
156
148
141
130
170
179
148
173
183
166
168
131
147
159
182
140
175
190
194
160
165
142
113
172
141
119
144
159
187
152
129
211
136
185
128
157
102
151
196
159
147
170
125
126
166
170
179
173
127
153
167
117
146
165
133
152
178
193
198
180
132
155
145
197
188
171
142
181
105
148
167
136
192
151
128
119
128
158
173
152
197
209
184
115
191
205
158
156
126
148
189
146
149
166
188
148
172
160
146
178
158
163
170
155
179
206
130
128
173
142
132
143
235
138
148
133
126
149
120
171
160
175
158
196
142
152
190
139
153
131
170
146
166
147
130
166
171
134
182
143
134
120
131
159
174
172
144
129
163
162
162
200
138
178
152
140
164
145
179
124
161
153
127
187
132
145
213
156
161
154
136
154
141
147
135
148
160
182
186
150
178
185
201
155
163
168
146
151
186
157
139
136
190
160
146
174
160
168
149
154
147
132
141
186
231
131
162
180
197
166
163
154
187
130
102
160
203
135
164
162
134
204
201
160
113
149
184
186
150
135
222
203
134
165
164
208
144
144
129
158
142
187
186
111
144
186
117
141
117
170
163
190
133
172
174
129
186
140
161
224
112
179
143
163
180
137
159
140
184
150
156
136
119
125
162
159
141
147
195
195
118
186
191
121
163
197
159
164
166
121
167
150
164
149
150
145
153
178
137
165
164
140
169
160
114
151
150
114
138
189
168
208
183
136
128
200
176
155
212
162
177
118
150
204
150
198
200
164
160
194
172
132
129
166
141
182
156
186
159
177
129
178
159
145
219
219
188
185
162
145
150
204
170
188
141
120
123
133
143
142
187
223
113
161
180
143
146
163
202
149
166
139
120
225
151
207
212
189
136
154
160
180
151
164
162
171
167
168
149
139
139
167
114
188
139
158
167
144
143
186
163
197
175
206
128
237
129
162
183
166
172
154
190
122
165
135
153
124
174
126
107
115
171
200
198
122
177
250
238
149
130
172
157
174
141
165
131
170
145
193
166
143
173
235
152
131
132
143
143
104
184
119
173
146
128
132
121
173
166
144
145
143
112
130
148
173
137
184
176
139
135
131
159
172
139
190
156
158
159
114
114
188
142
182
193
184
117
138
198
157
158
143
129
162
189
117
180
180
118
149
148
132
148
131
235
140
112
195
119
190
152
193
150
119
154
193
178
150
146
147
205
139
140
162
168
150
126
216
162
179
142
164
148
178
168
132
172
162
205
128
161
219
170
151
157
155
150
148
150
161
197
129
198
169
166
177
174
143
200
176
120
131
141
161
120
128
132
135
123
116
146
190
146
134
155
147
205
115
133
142
134
198
162
221
192
228
128
115
157
145
144
145
166
131
184
166
172
152
236
173
177
162
148
139
142
186
113
158
178
129
152
158
238
177
123
152
144
189
118
157
141
167
193
148
142
140
143
163
166
139
151
150
207
159
146
142
146
153
210
191
210
201
233
155
202
132
204
113
157
158
129
144
137
186
173
217
119
143
136
200
145
159
188
129
209
148
150
203
150
161
140
116
149
121
175
164
181
129
175
165
134
150
194
156
169
157
143
146
131
165
147
136
157
147
120
149
128
210
150
188
159
187
149
130
107
117
189
143
173
115
174
147
117
143
192
215
139
151
161
131
183
161
193
117
170
155
191
160
187
171
145
144
114
170
157
184
151
171
147
170
172
223
150
120
150
196
148
133
151
141
187
170
141
175
140
140
177
131
147
186
182
213
188
118
193
164
190
177
137
163
137
148
221
184
143
182
136
183
144
111
155
159
226
138
145
116
145
133
184
163
229
121
168
172
148
170
131
181
169
193
243
154
144
195
137
156
172
138
180
199
124
163
181
175
148
177
115
171
167
172
110
167
177
148
112
131
140
149
141
157
165
140
173
199
174
178
159
106
156
194
164
168
171
183
150
145
156
111
147
166
157
181
179
159
164
124
193
148
158
196
118
151
135
180
190
142
160
138
197
184
132
141
119
141
163
177
125
116
172
115
129
173
144
125
171
165
127
175
117
133
144
151
223
148
127
139
140
170
150
136
173
147
145
163
136
171
158
228
127
117
162
181
144
196
170
127
160
143
142
139
142
158
159
137
183
174
159
194
166
192
174
145
151
171
146
216
135
162
166
147
177
141
175
215
137
137
131
141
145
141
169
172
117
152
127
114
129
179
176
201
189
149
223
131
147
141
143
142
132
115
154
223
142
127
134
164
143
168
148
162
112
160
175
158
204
166
143
219
113
130
141
179
136
135
118
167
126
141
157
170
159
160
143
152
136
223
182
136
105
171
186
141
168
191
195
116
139
181
133
138
157
222
130
168
126
132
152
191
192
133
198
143
205
165
131
191
124
134
155
