175
128
169
143
142
154
214
220
129
197
150
197
175
112
114
131
167
171
184
156
155
181
137
127
226
118
164
178
163
134
149
165
136
192
142
142
111
185
167
187
144
142
171
142
159
131
151
133
174
172
108
101
171
124
124
134
179
152
219
130
206
176
173
154
172
161
141
208
149
148
139
225
152
178
144
130
165
207
177
132
140
112
130
180
150
161
149
194
192
180
161
133
168
118
200
154
162
162
192
134
145
133
166
168
179
129
164
204
165
168
114
149
131
144
184
151
168
132
137
187
181
132
150
162
166
115
141
175
152
149
176
132
130
154
137
139
181
182
154
178
172
180
188
237
165
142
178
161
150
127
188
202
155
117
138
122
225
167
163
189
150
192
222
184
115
217
147
184
131
153
191
102
147
187
142
184
194
180
157
177
150
174
167
144
145
164
178
131
132
163
149
160
208
159
132
211
110
163
129
140
148
137
124
110
171
141
199
114
174
131
147
199
183
172
145
166
181
208
172
148
147
143
158
159
116
159
196
131
194
141
129
148
120
182
194
174
163
135
133
146
181
169
162
184
148
157
133
137
166
190
130
188
174
226
154
148
201
148
137
128
132
181
129
146
148
200
118
159
141
172
133
152
189
120
132
139
125
140
155
193
158
142
157
190
143
139
175
171
160
119
154
220
164
143
169
157
134
141
180
148
131
161
114
161
170
131
178
197
113
177
142
191
154
165
187
188
163
134
139
217
125
143
159
126
136
159
169
127
160
164
132
159
174
143
156
181
134
174
158
158
186
150
188
178
151
194
138
170
172
132
177
116
223
175
156
135
128
181
170
186
163
165
113
149
165
131
160
143
143
124
193
205
165
142
160
208
149
166
118
110
169
187
149
145
137
176
178
118
158
165
134
161
156
145
187
157
189
174
158
139
155
179
167
179
169
113
174
124
184
172
139
204
218
175
173
130
158
168
129
138
173
147
153
171
158
182
117
129
138
169
162
134
135
127
203
191
149
184
144
206
121
154
165
152
134
142
160
165
165
265
185
120
166
152
159
130
132
114
191
172
141
168
212
238
190
128
139
144
166
114
121
156
175
186
163
129
132
149
159
114
116
132
183
178
153
153
149
116
162
142
139
186
167
193
172
141
140
141
172
175
173
147
144
113
170
115
173
149
126
150
153
162
172
213
169
149
159
131
143
191
144
192
152
153
188
167
206
163
185
177
195
139
169
127
157
104
128
185
151
164
133
185
194
163
200
198
184
116
148
141
219
143
248
181
167
166
141
161
136
175
135
162
159
190
171
158
117
162
133
139
130
165
177
162
148
169
160
173
147
182
145
149
140
103
130
185
145
177
131
198
159
133
203
187
169
136
143
148
149
148
149
157
166
149
131
168
215
145
132
128
168
165
197
145
143
151
175
161
184
169
168
144
160
105
151
157
132
170
112
168
206
174
165
180
141
161
164
113
113
118
145
159
185
181
164
109
171
175
146
151
107
128
191
132
210
133
119
148
137
189
182
160
173
170
180
163
147
148
142
167
132
194
159
129
143
188
129
164
174
155
246
195
157
201
140
198
201
201
112
111
181
136
151
146
120
117
145
172
159
126
172
183
117
129
130
168
162
153
262
147
165
170
191
133
197
194
150
165
147
183
140
176
158
186
150
168
158
214
117
185
162
156
155
179
178
151
159
167
161
141
230
176
190
157
160
146
150
150
223
111
158
153
128
135
133
215
165
166
158
124
126
209
120
209
125
140
160
150
173
184
209
117
157
148
166
220
138
151
192
151
155
187
194
139
162
168
123
114
169
139
135
112
158
146
157
185
186
159
176
201
118
144
128
166
178
110
160
142
228
160
146
149
157
171
165
128
179
146
191
160
179
132
134
130
155
206
211
160
155
175
136
142
148
171
175
149
162
145
187
172
108
152
155
149
146
118
156
144
180
134
231
162
142
120
182
177
133
212
112
159
185
138
202
243
157
199
234
139
116
132
175
108
219
152
173
112
203
133
124
144
154
141
157
117
237
114
156
151
182
160
163
140
142
162
183
209
184
130
142
160
164
149
170
186
133
160
193
153
109
170
134
148
212
141
171
162
124
131
209
156
198
175
192
164
159
111
134
152
170
132
142
147
152
164
170
153
214
176
109
162
162
166
162
168
163
125
205
150
177
159
250
108
126
139
159
204
125
202
181
186
152
136
169
133
163
115
175
171
182
118
153
161
139
207
166
131
162
179
132
133
175
131
166
128
145
167
194
182
151
170
169
152
144
165
182
213
149
147
148
137
138
117
109
116
142
148
154
158
117
181
167
217
140
140
191
127
140
180
225
172
135
151
221
160
174
160
142
133
146
186
124
159
177
161
145
142
217
144
184
163
154
151
118
170
121
141
113
168
153
209
144
209
148
161
143
178
113
154
143
111
117
119
129
164
116
161
176
161
137
149
193
166
143
116
117
153
148
167
147
153
148
131
178
161
131
133
135
151
199
143
174
164
195
161
196
137
146
219
180
158
198
129
191
239
155
146
174
191
202
154
204
117
150
117
137
162
185
141
112
163
159
156
157
160
135
178
177
160
152
187
140
171
139
196
131
212
172
161
142
204
203
181
186
164
200
144
210
141
131
146
191
161
229
147
160
113
176
154
158
176
231
173
147
213
198
152
167
144
138
185
130
112
174
142
155
176
134
140
157
115
192
113
225
192
150
112
170
113
180
116
158
154
145
172
159
132
167
134
125
145
212
148
172
170
149
162
148
181
181
144
143
170
113
227
138
151
127
118
136
134
171
127
134
129
118
154
132
136
209
119
162
161
135
158
138
126
147
155
190
154
151
130
182
136
148
164
110
190
137
187
147
130
228
193
142
176
202
196
149
148
134
139
181
142
160
164
179
152
160
208
162
213
168
163
190
144
196
175
122
156
147
145
206
145
171
166
129
169
123
142
147
164
161
188
195
139
202
196
126
127
139
188
142
133
135
152
146
143
146
120
166
173
130
181
132
167
186
184
220
144
157
142
162
165
165
144
128
176
172
114
162
177
148
124
172
149
131
146
171
136
187
221
218
224
153
215
195
145
189
178
187
143
142
114
207
172
208
192
149
112
228
113
181
206
170
130
182
145
132
111
178
175
163
129
135
138
131
146
199
175
161
174
142
142
181
186
131
174
141
127
239
143
177
150
168
157
180
157
146
151
145
148
145
214
131
156
172
143
162
170
121
153
201
158
106
142
141
148
156
183
151
159
246
159
149
118
161
137
114
141
126
198
148
135
132
119
151
195
185
159
171
131
162
124
138
151
115
135
137
143
171
175
138
130
212
137
130
178
148
165
170
146
185
135
175
111
142
145
175
153
191
132
198
163
163
173
177
202
123
220
161
101
119
148
132
167
134
226
152
157
177
170
155
131
242
147
150
199
143
117
150
140
114
152
130
264
140
117
165
129
142
180
190
142
226
186
126
136
143
153
167
179
185
209
128
117
160
171
158
135
216
160
244
129
129
141
161
156
179
187
156
120
218
193
129
146
146
175
150
177
220
174
120
115
118
115
155
165
193
161
175
119
183
174
182
214
201
146
165
149
156
130
141
158
130
176
147
114
114
139
127
186
143
152
129
164
158
193
154
126
188
150
167
200
211
188
157
131
182
151
206
140
102
109
171
145
145
117
182
151
143
198
117
183
148
177
167
120
154
139
197
116
199
133
161
140
167
208
252
210
193
151
158
138
128
178
172
144
142
168
158
131
157
150
133
165
207
177
166
169
192
127
151
110
167
140
181
190
162
131
184
128
128
115
118
159
187
158
161
149
154
178
139
185
149
193
130
152
208
162
180
113
202
150
160
170
128
154
114
138
132
159
141
142
163
132
175
128
224
132
132
186
150
149
140
172
206
159
148
138
138
137
138
201
169
170
161
147
194
156
178
151
120
184
194
200
134
151
145
153
148
224
174
168
128
174
162
251
217
148
121
185
174
158
203
175
184
149
142
170
195
143
117
147
146
190
149
156
156
188
126
117
150
115
167
134
172
145
117
159
177
178
208
168
182
133
143
163
124
208
169
147
157
157
159
195
161
149
135
145
163
141
260
203
115
172
151
124
159
157
169
143
209
172
158
244
230
145
118
168
147
213
187
153
104
157
131
161
146
141
177
144
159
169
131
153
128
200
147
187
193
151
138
116
219
140
150
101
184
181
200
253
163
151
137
231
213
151
175
205
186
164
144
181
141
144
163
131
149
193
120
158
128
173
129
210
163
197
144
191
120
187
141
222
138
174
119
112
189
203
150
131
158
126
154
143
199
158
138
126
147
189
138
141
109
180
130
175
125
172
120
135
180
197
174
185
149
146
116
164
176
176
162
134
132
173
140
144
175
143
171
185
201
147
143
162
163
130
158
127
147
139
156
161
174
130
141
128
223
167
182
170
165
164
167
152
149
144
171
116
162
159
176
158
139
150
142
214
184
186
132
171
138
161
154
147
151
117
169
194
141
180
193
157
139
169
150
108
161
108
170
148
119
116
136
172
116
192
144
193
135
149
159
168
160
164
148
148
196
160
