114
169
184
149
168
158
123
213
161
147
127
171
127
180
126
143
179
132
132
154
166
159
197
201
143
199
152
155
136
163
148
128
170
160
117
189
144
143
151
140
140
144
202
164
168
161
109
212
149
127
116
129
135
118
165
171
187
209
136
168
113
148
166
112
139
162
198
118
136
157
179
182
174
127
193
196
171
141
128
184
204
151
119
153
152
148
110
166
157
157
121
184
159
157
139
152
141
180
144
141
180
143
186
168
210
168
223
149
221
142
122
186
128
147
164
142
174
160
164
132
204
168
141
153
184
114
183
157
235
121
143
161
159
161
119
105
132
172
163
153
183
160
158
159
141
143
176
152
169
165
137
153
113
132
143
185
130
147
116
140
215
192
166
172
155
142
168
173
179
107
132
225
175
157
161
180
135
152
125
144
134
133
185
168
165
115
226
140
177
165
169
200
182
175
149
175
180
164
175
182
193
147
170
144
185
161
154
166
147
155
158
114
129
211
170
161
150
182
195
154
180
166
143
155
166
172
135
157
150
145
174
198
144
155
159
197
147
157
235
151
173
140
183
159
104
155
135
181
134
146
175
238
112
187
169
161
140
159
212
156
141
128
146
213
178
129
151
147
147
128
121
160
205
143
134
145
159
150
132
152
157
129
127
155
173
186
166
138
166
218
208
163
193
219
142
139
143
183
176
132
175
114
141
167
167
166
156
142
141
192
130
152
111
117
149
168
118
202
117
114
156
187
169
158
119
117
155
202
136
164
214
143
134
153
152
127
133
133
173
147
153
201
157
168
159
165
187
209
128
199
141
148
149
171
161
145
133
151
205
134
185
170
144
148
150
154
178
161
151
165
131
145
179
162
148
149
174
163
163
114
147
218
132
186
139
132
118
162
154
175
149
177
190
113
192
153
162
165
165
118
190
173
161
150
159
136
145
176
162
159
129
181
164
155
144
149
180
123
144
178
193
159
136
196
174
175
198
175
179
147
145
177
145
164
141
152
155
116
147
163
162
179
167
130
128
168
180
212
142
208
175
153
212
171
177
181
140
163
184
146
132
144
184
224
185
114
179
202
124
175
130
161
188
113
141
202
193
179
114
193
164
119
128
114
171
143
117
146
178
169
167
147
154
178
146
147
202
161
131
193
228
120
168
177
154
173
141
166
207
110
153
195
161
140
171
170
161
156
181
118
195
158
117
161
159
152
189
153
199
120
163
163
168
192
124
149
155
146
113
159
186
154
127
151
146
115
164
189
231
201
178
192
167
114
127
118
133
156
151
150
142
117
140
119
176
125
188
159
168
175
222
182
168
157
147
114
218
220
110
156
146
128
104
122
139
153
143
177
140
136
130
186
143
187
149
199
101
115
169
173
145
145
187
165
144
132
171
183
162
171
144
132
194
203
167
184
194
166
140
201
165
135
148
193
182
129
151
179
206
190
200
170
199
221
158
156
221
129
139
179
165
175
189
148
129
197
132
148
199
141
227
173
133
115
142
176
179
129
192
152
186
132
163
147
187
113
180
144
145
158
178
116
162
191
144
300
156
172
163
179
155
227
128
165
194
128
139
162
147
225
137
135
161
158
118
185
135
225
127
182
141
197
175
114
199
201
151
147
167
127
159
138
186
187
135
154
175
129
116
204
153
201
161
147
160
116
149
172
187
157
170
185
118
129
179
150
146
217
181
209
121
132
157
162
155
181
137
140
149
142
154
170
183
117
142
200
176
132
185
186
110
118
155
121
126
151
113
154
168
128
131
201
241
156
133
193
219
118
114
155
148
172
147
178
211
129
174
167
122
150
171
117
141
175
182
159
156
208
139
190
151
112
143
132
172
175
141
221
159
159
169
115
183
118
143
183
153
191
220
108
130
131
138
169
141
135
160
147
163
171
146
155
165
172
151
179
120
144
200
201
156
141
182
227
174
221
147
133
117
157
193
186
139
158
149
164
194
139
140
179
127
177
170
194
140
170
147
140
166
138
159
137
162
143
154
207
123
117
200
171
162
187
163
133
212
167
116
190
186
136
176
114
143
166
140
164
186
111
175
152
160
177
200
150
222
175
132
199
143
189
217
222
141
175
142
176
201
216
149
237
166
162
175
112
191
179
199
140
131
175
174
146
173
113
164
133
116
204
135
180
231
125
160
157
213
177
203
146
177
127
191
173
189
137
230
117
129
174
106
146
146
170
151
121
202
149
179
133
165
198
214
127
122
147
166
175
182
144
129
130
148
143
143
162
185
150
170
154
177
131
146
152
163
130
155
140
178
153
129
157
169
178
164
145
152
169
142
130
218
138
141
122
193
208
185
158
208
145
127
116
170
149
119
114
144
131
181
161
139
143
123
161
171
162
149
115
179
220
186
166
160
128
153
121
167
169
146
147
173
145
161
153
148
153
143
125
128
143
148
116
166
174
147
150
195
162
147
159
152
139
166
146
162
135
134
182
139
176
144
191
151
147
139
152
146
136
220
145
177
131
132
172
165
141
143
126
112
166
179
116
132
206
139
144
202
159
115
185
162
230
161
166
129
165
166
171
170
113
150
202
118
207
174
218
146
151
144
160
154
149
141
196
104
152
156
131
146
190
143
160
172
188
160
143
180
132
147
129
134
141
142
149
175
149
146
149
171
110
218
158
165
210
134
162
146
146
127
160
142
158
164
152
185
176
139
144
127
168
159
131
178
162
141
148
175
149
167
166
144
147
183
193
187
156
145
125
203
228
136
180
157
151
166
180
117
162
149
216
204
141
135
142
126
139
171
160
137
161
144
179
137
148
152
175
149
195
139
128
134
125
215
227
155
177
146
120
147
115
148
169
149
149
153
132
167
115
176
122
235
159
235
164
132
187
180
114
160
146
115
166
161
166
159
145
175
179
150
143
168
187
158
160
185
130
151
124
225
160
140
224
153
127
151
155
153
173
129
154
115
150
170
130
138
165
161
152
180
160
183
131
174
162
130
148
163
140
146
155
197
184
163
176
141
190
149
174
167
144
166
128
179
171
164
163
221
136
104
185
156
124
192
132
157
182
142
133
135
199
229
207
142
128
127
147
150
154
154
201
140
180
159
138
169
142
149
148
179
166
170
156
204
130
159
157
163
138
130
147
161
137
179
150
203
185
140
169
224
131
133
158
158
163
174
116
186
162
161
194
120
186
133
144
158
160
147
147
149
179
150
157
213
132
165
174
166
140
171
211
144
148
131
166
186
150
140
162
151
127
147
137
211
163
210
149
159
127
191
162
148
151
120
171
142
142
138
166
188
154
132
136
136
170
142
190
199
113
119
119
186
155
146
159
149
177
133
164
184
140
237
166
161
169
127
151
144
159
150
114
178
206
170
181
144
134
182
123
167
184
158
181
149
146
151
173
152
130
139
184
133
159
166
204
199
177
169
202
186
134
125
174
108
172
148
142
142
131
157
144
200
164
135
202
117
147
193
195
141
141
154
195
174
157
135
163
173
222
195
185
157
218
173
158
156
169
164
182
208
149
177
164
182
133
167
171
150
200
155
172
175
192
121
137
109
159
131
149
179
188
129
143
147
161
173
182
163
159
146
145
152
156
194
102
146
205
184
169
135
167
126
173
188
142
181
191
167
182
129
142
188
160
117
222
137
116
205
141
144
129
176
152
147
115
132
116
109
174
113
141
139
127
135
135
154
211
192
246
213
145
158
171
147
140
139
145
166
136
116
154
172
146
184
198
155
192
150
172
139
132
153
115
160
186
169
140
189
115
190
165
122
175
151
191
114
119
158
159
194
116
186
116
160
121
176
151
141
199
147
154
179
225
131
233
115
143
157
176
188
140
175
157
136
134
156
176
145
126
192
130
155
180
158
157
145
163
151
148
164
197
194
154
154
133
131
156
104
166
164
195
115
181
164
145
135
111
120
193
177
149
172
153
131
144
138
145
147
262
177
144
141
145
181
143
195
142
180
167
154
159
170
141
163
221
172
144
143
124
187
173
141
153
169
106
117
145
154
155
133
206
143
159
159
157
148
166
158
122
162
117
179
158
221
213
152
199
155
130
202
112
139
143
157
178
176
151
202
158
111
117
140
179
196
158
163
136
193
158
118
104
130
116
150
184
146
181
155
197
235
151
141
150
163
162
158
148
159
152
126
249
154
185
150
156
150
143
192
207
177
143
266
157
145
155
139
172
104
142
149
132
168
233
148
172
138
166
179
126
142
140
236
119
195
168
127
156
175
137
195
166
163
148
147
141
181
208
153
205
171
171
127
197
137
150
129
135
179
154
152
127
174
132
160
134
115
154
143
212
113
142
172
156
214
179
152
187
153
150
154
104
114
171
135
157
184
132
193
135
144
148
189
190
149
155
147
155
140
223
153
191
175
211
119
129
135
158
140
126
149
154
181
156
114
165
178
190
168
140
241
127
144
237
159
166
157
135
174
142
149
134
160
137
171
156
156
160
128
127
171
229
133
150
143
118
176
132
119
141
220
172
163
220
193
203
172
197
174
131
184
151
137
185
146
231
139
126
140
154
126
160
145
244
188
186
128
201
128
204
128
216
147
115
