131
150
143
215
144
139
175
198
115
165
127
176
177
134
152
153
118
133
183
135
149
172
191
165
162
150
161
203
216
166
160
164
152
196
190
147
179
161
141
171
129
147
151
162
141
140
157
236
143
149
144
129
138
166
149
160
165
165
157
207
140
164
128
142
146
130
146
117
148
120
137
174
142
142
158
149
210
122
143
135
128
154
183
151
183
113
113
147
187
166
159
156
140
128
152
150
115
178
138
149
144
151
194
215
154
120
191
134
165
151
145
173
190
156
229
175
151
197
148
182
163
208
166
165
135
132
186
135
147
167
178
177
218
168
146
137
155
141
193
142
137
194
144
144
147
135
189
131
150
149
138
142
170
182
145
163
145
203
142
172
173
134
143
162
149
166
128
161
141
118
113
142
154
115
120
163
188
142
156
142
153
145
141
141
141
126
149
194
138
170
127
140
199
144
131
116
160
161
147
185
111
139
168
159
115
142
139
168
151
201
143
174
144
107
147
186
156
202
139
139
177
148
172
144
111
158
114
173
158
176
151
170
141
187
170
152
190
127
147
184
178
146
166
160
215
152
188
149
156
143
206
140
117
185
201
167
133
160
214
139
191
189
183
153
144
170
123
195
174
236
167
149
123
188
141
161
164
202
147
148
147
149
125
226
147
152
196
141
225
181
127
139
155
151
159
119
159
118
158
153
120
170
185
189
117
195
141
193
186
115
133
134
179
157
155
132
211
157
101
179
164
171
215
167
157
140
129
139
140
175
107
172
132
143
187
163
146
192
132
176
109
176
156
159
150
169
154
140
140
163
171
146
140
174
187
175
116
120
159
105
151
155
147
196
140
182
109
143
149
129
173
163
140
176
148
144
164
113
189
197
208
202
133
152
206
173
129
114
156
170
143
210
188
127
144
136
184
176
161
177
136
141
149
157
145
237
148
164
156
203
146
135
202
126
192
151
166
151
141
151
151
171
143
142
138
125
143
137
150
149
160
206
199
114
131
166
103
165
134
131
159
122
161
167
185
119
157
186
183
143
224
169
178
140
119
114
172
174
138
144
201
135
158
120
164
151
128
171
174
180
139
155
135
114
120
144
136
146
199
155
219
145
200
152
140
207
154
141
144
131
146
122
205
171
114
160
120
185
115
118
129
146
144
170
122
150
223
140
157
174
188
170
196
132
141
147
172
146
179
141
156
174
212
176
157
172
150
166
170
129
172
174
149
124
158
158
170
181
165
213
154
149
191
145
188
132
187
141
198
163
238
168
180
137
176
171
144
197
170
192
196
169
180
185
138
175
213
140
189
151
157
116
170
152
139
177
111
174
180
147
147
184
165
174
169
106
148
136
134
151
144
209
185
155
145
175
134
171
182
213
172
197
176
215
115
116
161
188
170
142
183
154
173
144
169
143
132
164
189
195
145
145
111
182
152
155
172
164
116
129
188
213
203
143
153
175
216
169
152
113
182
161
130
122
185
165
147
211
179
170
113
160
174
177
129
167
157
145
145
138
151
131
148
145
165
113
198
143
113
154
160
205
146
182
161
200
148
182
132
156
140
170
144
145
156
143
176
137
139
175
132
151
115
194
153
245
140
185
116
174
169
148
175
148
179
201
138
152
140
147
179
182
157
161
139
185
144
156
228
182
177
177
165
136
130
167
175
134
143
151
149
128
131
178
205
175
130
155
140
127
139
164
128
135
182
175
160
143
170
174
169
160
134
147
179
168
189
136
196
141
159
206
120
198
146
116
131
161
181
149
189
176
162
159
157
177
115
159
172
139
149
161
135
169
158
171
194
171
202
170
176
148
158
126
125
131
147
194
144
178
173
209
131
153
181
161
161
145
131
154
152
139
127
155
188
209
146
222
160
115
240
173
142
146
139
127
133
209
156
178
219
128
166
143
143
113
148
143
147
139
174
201
179
144
167
191
146
136
191
153
130
128
113
142
138
167
131
146
148
168
142
181
177
148
148
184
150
145
171
121
139
159
162
173
204
142
111
172
148
187
129
196
171
142
154
132
181
128
163
135
162
159
143
136
186
116
153
192
107
130
187
160
191
191
149
155
159
116
169
181
149
152
152
162
174
140
161
203
142
145
190
207
160
126
110
210
171
153
146
152
193
135
190
147
142
167
131
159
165
176
180
148
161
167
148
130
128
214
188
142
129
154
211
151
157
106
167
119
120
199
146
149
177
113
152
147
160
126
156
172
133
188
202
182
135
172
158
143
132
195
133
186
213
151
113
152
151
129
115
137
170
179
139
185
172
150
133
116
178
181
147
175
147
193
160
152
176
152
130
186
143
129
222
164
178
179
196
149
155
161
156
143
190
129
172
156
121
142
150
155
186
145
151
143
153
201
148
130
128
207
154
140
112
168
175
146
126
165
134
150
149
146
117
158
229
161
227
179
148
167
148
158
223
141
170
223
156
205
155
148
130
140
166
202
128
151
145
121
207
198
138
169
161
231
151
183
179
163
172
179
220
140
152
245
157
159
153
151
159
138
182
150
146
176
129
133
145
118
144
210
179
129
137
149
176
174
155
157
159
141
131
162
149
188
175
114
141
158
176
165
172
162
152
139
142
219
159
141
169
157
187
141
151
187
138
197
162
156
176
163
135
164
179
148
128
122
192
183
142
164
169
155
175
144
184
160
156
115
139
198
163
148
161
169
206
153
143
122
186
193
186
162
144
163
216
113
115
132
175
173
148
130
177
139
111
148
180
155
183
147
194
177
138
124
157
186
195
119
130
160
143
117
209
115
115
160
149
208
118
176
191
178
152
169
186
155
170
116
138
151
221
133
178
162
144
162
165
221
184
119
145
140
142
163
198
153
169
118
154
169
142
173
118
179
151
159
153
144
113
165
193
130
174
158
148
148
203
162
131
170
208
198
144
135
141
147
195
200
196
181
200
139
190
181
112
162
159
158
139
167
138
158
143
167
169
163
132
198
169
162
177
161
203
179
245
179
156
178
170
159
171
171
153
187
171
175
181
169
171
121
151
136
144
142
158
136
196
187
166
158
116
185
161
194
114
141
152
134
224
127
149
194
169
147
140
191
149
153
167
166
192
138
150
188
157
197
130
166
155
182
139
196
116
154
204
203
180
126
180
198
172
178
157
149
149
161
116
153
157
115
181
184
150
172
144
180
170
153
150
175
207
161
149
151
144
171
173
115
141
130
154
184
150
202
147
180
202
166
109
146
162
157
158
227
174
167
172
118
113
158
148
228
149
210
160
172
166
234
139
148
128
185
148
162
146
171
179
160
182
171
164
140
157
158
181
158
142
101
133
160
147
139
150
147
212
170
144
198
146
142
147
151
154
134
190
177
177
138
114
139
118
126
184
149
196
137
142
142
129
128
210
136
147
132
178
204
127
188
148
165
141
153
169
153
197
140
143
152
177
136
143
144
151
118
170
172
145
149
209
175
148
148
148
195
119
200
161
141
136
172
153
147
163
150
169
115
145
178
160
175
158
190
186
118
121
121
164
139
147
143
142
181
166
171
154
111
171
185
131
245
149
213
144
138
156
168
175
150
151
141
113
162
146
128
164
147
152
135
152
159
151
148
146
192
117
142
159
166
106
191
151
188
161
180
142
168
211
160
165
139
160
151
169
114
131
151
169
132
205
146
140
163
144
169
185
215
134
215
142
158
140
202
137
105
204
159
170
173
165
139
140
177
154
163
111
165
144
160
118
166
170
159
150
173
131
184
164
160
147
162
184
148
141
172
114
158
128
181
131
119
145
107
140
128
146
163
135
158
122
138
152
190
129
130
138
204
135
183
218
140
141
162
158
175
148
149
188
187
123
151
132
147
170
133
147
178
126
144
166
150
159
145
178
163
192
151
142
169
150
121
212
195
142
128
143
131
131
155
163
127
173
118
142
157
111
146
191
178
181
143
174
154
193
178
142
153
163
117
141
149
136
156
146
183
153
116
151
175
113
186
126
186
151
167
176
149
190
132
143
177
227
154
202
149
134
163
128
159
130
144
169
147
183
210
171
126
170
169
164
159
197
184
179
143
146
139
131
182
189
147
162
158
152
153
193
172
147
189
138
159
168
158
165
186
144
169
134
175
129
142
187
166
165
159
174
144
116
199
178
161
176
157
156
160
185
115
162
138
167
116
169
148
140
142
175
155
198
198
152
134
174
154
112
111
185
146
162
118
161
116
116
190
128
180
155
188
142
160
136
180
164
155
176
192
116
138
171
184
131
173
154
166
225
147
177
164
166
166
122
190
138
145
159
145
187
105
187
170
201
172
153
118
211
190
112
154
149
142
150
128
195
141
153
114
154
193
195
192
130
135
128
154
167
192
150
157
150
137
139
130
143
140
148
122
154
210
180
179
135
168
141
152
155
149
182
176
204
159
183
189
162
140
138
181
165
167
185
238
224
170
141
211
175
181
154
180
204
109
207
160
145
152
190
161
116
130
152
116
106
141
143
141
134
180
108
174
178
124
211
130
205
222
178
144
133
153
147
177
174
173
199
143
151
172
119
139
176
150
165
128
153
117
208
142
151
133
155
167
199
128
