179
174
169
176
168
175
179
180
174
172
174
172
169
166
171
170
164
173
168
180
171
169
173
178
172
172
189
170
172
165
171
153
181
160
165
169
178
167
175
170
183
169
176
172
150
161
168
178
175
182
183
161
176
175
180
176
161
168
179
167
168
174
168
178
186
172
159
180
159
173
174
160
172
186
173
180
175
174
172
169
173
170
152
170
178
173
153
177
177
166
169
172
183
174
174
171
182
167
156
166
158
159
173
169
161
171
158
161
167
160
173
160
179
160
180
174
179
162
156
171
167
170
175
181
174
187
179
164
169
180
185
180
173
170
169
177
168
180
185
176
172
166
173
159
164
177
167
170
175
173
175
180
166
181
168
165
174
178
173
175
177
172
165
169
162
177
165
169
175
177
170
164
160
178
167
155
172
167
174
156
157
185
167
169
174
178
167
184
167
174
180
177
174
165
159
171
156
174
165
190
167
158
183
180
166
172
161
157
167
172
164
188
179
165
165
174
173
153
161
164
180
168
159
170
179
165
175
169
169
179
186
174
161
169
175
165
182
159
176
173
164
182
163
164
168
167
175
165
172
168
165
182
163
172
183
170
166
162
176
161
172
175
173
167
167
168
171
176
169
177
170
172
159
175
172
172
179
175
172
162
163
163
164
164
166
178
168
175
156
154
156
183
171
175
169
171
180
163
180
175
170
175
172
165
167
170
166
181
175
177
167
163
164
171
188
163
180
166
163
180
173
166
173
178
177
167
169
166
168
168
172
159
167
175
177
165
174
162
154
162
174
165
175
171
169
168
174
174
173
173
180
171
159
187
169
163
167
160
149
172
172
172
186
168
164
173
164
161
155
187
181
184
174
169
184
172
166
172
177
176
187
156
177
165
159
184
179
163
176
162
163
162
174
177
173
165
149
182
158
166
160
186
160
160
158
178
173
165
168
170
155
163
163
176
171
168
157
174
169
162
173
157
179
171
183
166
177
168
183
178
182
160
163
186
175
175
169
160
181
186
174
168
174
172
162
162
176
166
168
176
166
159
180
179
171
169
167
149
165
174
160
180
169
175
157
182
174
192
166
169
164
177
162
176
178
180
168
163
166
158
165
177
164
176
161
176
175
171
163
152
186
154
169
169
182
180
174
169
176
172
161
168
167
185
180
160
173
174
170
182
169
177
165
154
170
183
188
182
170
175
161
164
162
152
180
166
175
151
181
166
162
159
190
162
166
159
177
171
149
162
161
177
169
178
165
176
173
180
185
165
169
173
161
168
166
168
182
170
175
182
171
178
157
166
177
180
165
177
152
179
171
178
187
183
149
169
171
173
178
162
184
165
175
154
169
183
177
176
181
169
168
165
178
153
158
178
187
169
179
174
176
178
155
176
165
171
166
163
166
168
173
170
175
155
178
166
170
166
178
176
154
183
172
168
165
150
156
178
177
173
183
163
169
173
164
156
182
160
165
168
175
177
185
177
165
170
156
174
174
177
170
166
172
157
172
175
172
152
171
176
175
169
168
165
172
160
183
180
175
158
174
167
160
180
161
163
174
181
162
173
171
171
158
176
164
156
176
185
171
174
174
164
174
184
161
173
164
163
153
165
174
152
172
176
177
166
171
189
185
162
185
169
200
168
168
158
179
172
178
149
165
188
169
155
178
160
169
158
165
162
170
162
168
180
188
183
172
172
160
185
163
182
183
169
172
168
172
157
169
168
176
168
165
198
189
156
169
177
174
189
169
176
177
172
178
180
175
180
183
166
190
166
161
153
156
174
172
177
175
180
169
169
177
171
167
175
183
170
177
179
178
164
177
172
173
154
173
168
161
165
159
172
163
152
163
163
145
172
167
165
172
179
179
175
165
164
158
169
163
180
176
165
169
168
177
180
163
168
155
183
166
159
168
156
170
159
182
174
171
171
170
164
175
178
174
169
184
173
173
169
170
153
175
178
160
177
173
158
175
176
171
173
171
169
174
169
172
152
163
174
175
164
163
184
162
180
166
169
157
151
179
180
165
153
171
164
169
161
169
176
148
170
175
177
156
177
170
181
182
181
173
162
156
176
151
173
159
177
183
173
174
164
159
169
183
165
169
182
172
163
167
181
165
180
177
167
172
171
186
165
167
172
167
165
166
164
173
186
163
171
165
169
175
150
174
181
166
178
162
155
183
157
171
165
176
164
174
184
180
172
178
160
159
174
169
175
167
174
159
158
173
171
189
175
185
177
179
182
167
158
162
166
171
158
176
157
162
177
178
173
168
169
170
156
184
182
163
162
170
179
176
173
187
169
172
186
174
171
178
184
148
161
170
147
172
167
159
155
170
162
164
178
169
171
164
184
159
177
163
176
161
179
176
160
163
161
168
182
169
169
164
178
162
174
178
153
172
150
154
177
176
158
178
165
169
174
178
176
175
181
175
163
175
164
176
174
183
170
175
168
173
172
158
174
155
177
176
179
174
162
172
171
175
162
179
172
177
163
172
172
155
176
172
174
177
167
154
171
170
187
177
178
164
165
167
180
153
183
177
174
172
172
173
159
170
171
179
169
164
169
173
169
163
167
165
173
164
164
169
177
181
166
153
184
167
174
183
163
160
164
151
166
167
166
158
184
161
180
178
187
172
177
174
168
178
170
180
159
179
173
182
176
160
185
187
169
165
155
181
167
179
185
172
168
185
162
156
163
166
171
165
168
163
165
164
173
169
154
171
164
157
157
166
164
166
173
172
167
194
171
175
160
165
151
178
165
155
170
177
176
173
172
177
157
172
159
156
168
177
161
170
183
180
171
179
169
160
181
168
167
174
176
170
170
165
168
182
169
160
170
176
179
174
186
163
175
161
160
173
174
166
176
174
170
161
168
164
170
167
178
167
171
168
169
166
188
156
161
175
172
171
167
186
158
158
175
177
169
154
175
176
178
182
174
159
171
180
170
175
179
162
184
179
164
176
167
168
168
171
160
163
181
166
171
181
165
172
167
164
169
167
175
167
185
164
178
171
163
163
153
161
172
167
184
173
170
179
166
170
168
154
178
159
162
160
153
165
168
163
170
177
167
185
166
176
160
170
189
179
152
168
183
176
175
170
179
174
174
173
178
165
175
165
159
170
178
159
168
162
160
175
178
163
174
156
177
166
165
184
192
166
174
171
180
161
167
171
178
172
170
159
171
186
163
171
165
177
169
171
168
172
163
174
170
171
172
175
170
174
160
170
156
166
182
171
155
186
185
167
173
173
174
179
165
173
178
166
183
158
175
171
172
166
175
168
175
179
177
173
172
160
184
160
172
168
175
185
170
179
175
173
168
167
186
174
152
156
175
163
175
173
162
185
174
176
162
172
175
167
177
161
168
174
171
180
161
175
172
186
175
172
180
181
165
155
178
169
174
173
155
184
178
175
167
178
174
183
190
174
172
177
166
179
164
173
165
164
162
170
176
160
174
162
177
166
177
166
168
167
179
175
166
184
162
165
165
183
174
180
170
177
172
162
163
166
163
164
180
176
166
165
183
153
157
164
184
190
176
179
181
171
164
156
158
154
169
172
157
164
168
167
157
165
171
175
175
170
176
164
165
162
179
167
172
163
169
155
167
159
175
184
170
183
170
175
165
185
168
183
184
156
168
181
171
149
169
171
156
159
177
187
178
165
170
179
172
153
171
182
170
171
158
169
176
158
159
175
179
175
170
169
174
176
169
185
172
170
173
168
153
164
175
170
180
174
181
163
178
170
169
164
181
178
159
173
173
173
181
176
171
165
155
175
157
174
172
176
174
174
179
161
174
165
171
171
174
156
178
171
180
175
168
183
166
185
169
166
195
181
171
181
164
162
185
174
200
169
182
155
172
176
179
172
152
175
173
184
172
171
181
164
176
176
164
173
168
184
166
164
178
175
172
173
167
177
152
180
175
179
164
168
188
163
158
167
172
169
167
170
160
165
179
162
166
161
187
162
161
175
152
177
184
148
176
161
181
173
179
170
156
167
161
176
181
177
155
164
172
170
176
171
170
175
177
158
187
175
175
175
160
173
172
176
174
169
147
161
174
175
173
160
161
175
169
179
156
164
171
172
175
153
168
175
163
174
163
164
175
161
166
157
178
178
176
160
169
177
179
159
169
169
174
169
170
183
166
155
174
172
172
158
168
165
163
171
185
178
164
166
167
159
167
163
179
175
155
163
166
178
175
176
162
177
159
175
169
175
186
175
178
168
172
166
165
163
164
181
167
170
174
171
165
180
166
152
184
169
161
172
159
181
180
185
160
170
155
174
189
173
166
167
181
183
169
178
169
164
176
175
165
164
176
174
160
172
168
178
157
158
167
174
165
168
154
169
177
184
173
165
165
173
174
155
160
166
176
163
172
180
176
168
161
184
175
170
175
161
174
166
171
171
179
157
152
172
163
163
159
181
173
162
177
173
170
177
171
173
180
172
168
166
171
170
161
165
160
167
173
170
174
170
187
163
174
166
168
171
175
161
177
204
166
171
157
157
167
177
163
158
178
193
177
174
169
172
185
174
156
171
186
171
186
167
168
160
178
165
166
174
159
