160
195
163
178
184
165
167
180
175
150
172
156
176
178
162
166
190
158
163
161
164
162
179
166
173
177
173
169
181
162
175
179
169
173
192
166
177
175
176
169
168
175
171
166
175
165
180
177
175
184
160
177
168
174
162
178
175
164
188
179
165
177
160
169
172
162
170
178
162
181
150
178
155
166
178
175
172
174
168
169
161
165
170
167
184
169
161
176
180
173
184
172
178
175
171
153
158
185
176
170
173
166
163
180
177
166
166
172
160
168
175
179
175
166
171
169
172
164
172
169
178
157
178
171
158
164
195
171
167
178
198
165
174
157
159
164
176
181
174
169
171
168
188
167
175
187
166
173
159
162
178
174
186
168
175
148
174
159
170
170
185
170
177
176
167
189
162
173
177
163
176
174
153
168
163
180
170
151
176
176
174
170
183
176
158
155
168
162
177
161
166
172
165
180
171
174
171
171
159
177
187
179
180
159
155
175
184
157
160
179
182
179
175
170
182
176
168
174
177
190
167
167
163
173
168
173
193
170
179
169
182
158
174
175
175
180
163
169
171
170
180
178
173
162
168
177
184
163
167
162
163
175
165
160
163
152
177
162
173
171
173
170
178
180
163
171
179
159
168
158
173
164
172
176
174
154
167
155
180
172
178
181
165
160
185
178
173
186
167
177
179
170
163
156
169
164
173
171
175
172
170
167
161
159
179
169
165
168
160
177
172
174
176
174
169
175
170
170
169
166
178
190
164
151
183
180
165
155
165
168
169
173
180
170
155
173
157
178
155
181
181
165
159
192
164
162
178
179
175
175
172
157
169
176
167
164
172
183
186
161
176
182
178
161
176
157
178
176
176
171
157
162
183
168
168
165
188
184
177
169
164
171
176
187
165
164
172
180
188
163
185
159
171
173
166
176
181
172
165
183
160
163
166
167
171
176
164
166
166
160
169
178
187
165
175
169
166
177
157
184
166
178
175
171
167
171
169
183
183
156
168
152
153
170
175
158
168
171
172
167
177
191
171
185
173
167
160
170
180
176
176
157
157
166
161
155
175
170
185
174
189
180
182
166
166
177
160
154
173
173
170
157
174
170
171
182
161
160
168
170
182
158
178
183
164
169
162
176
177
176
162
181
183
163
162
172
153
170
157
170
170
175
183
172
173
157
179
173
164
170
157
174
169
180
165
168
192
149
173
176
175
180
175
173
176
172
157
174
165
177
177
173
180
178
173
175
184
171
178
175
170
171
179
175
167
186
171
177
170
162
168
176
183
167
160
165
166
164
166
183
173
165
181
174
181
161
175
165
174
182
175
167
174
154
165
174
175
167
170
183
165
165
187
162
174
166
161
155
167
178
174
177
182
177
176
159
157
168
188
166
168
179
182
165
152
177
162
171
174
174
169
170
170
174
168
176
168
162
160
166
189
174
162
174
181
173
179
176
160
194
164
163
153
188
161
167
155
175
163
173
156
167
185
165
176
157
154
172
169
164
155
166
165
147
172
159
175
184
167
169
176
158
176
178
172
163
163
171
180
160
176
162
147
174
161
161
173
155
173
159
170
177
173
180
175
175
165
179
185
160
165
164
162
186
152
168
164
176
176
188
160
171
178
172
181
181
180
186
179
159
176
169
176
158
156
160
175
174
160
178
157
174
175
175
167
177
176
180
185
173
163
173
162
162
161
166
167
164
166
168
166
179
177
173
171
167
155
163
158
178
178
178
163
180
181
165
182
160
164
169
178
159
159
184
179
166
177
172
157
184
167
168
179
160
159
183
179
172
173
161
162
187
175
173
164
175
182
177
165
180
155
166
162
165
162
175
151
181
166
173
177
174
159
179
167
157
163
176
151
173
186
158
159
156
164
189
165
146
179
180
158
158
165
172
173
164
172
164
173
175
158
173
168
158
184
169
179
174
163
160
177
177
160
151
188
183
183
171
176
168
184
177
170
178
154
170
170
177
170
156
183
172
175
180
174
183
170
161
170
163
176
169
171
179
168
167
174
157
170
186
183
164
180
156
178
176
173
162
172
170
170
158
179
164
174
172
164
180
182
174
192
161
189
171
165
168
178
168
158
148
173
158
178
166
165
171
172
169
179
164
189
177
172
181
171
171
168
159
165
177
175
169
177
174
172
166
159
172
174
172
165
185
147
170
163
160
169
174
167
175
175
163
169
157
157
170
167
168
168
154
173
163
172
177
166
172
165
160
170
172
177
169
174
157
177
164
178
172
168
170
175
175
181
179
166
172
176
155
176
165
176
179
176
179
180
175
169
175
190
179
161
176
161
169
153
148
159
174
178
165
179
188
177
184
179
171
180
179
170
164
170
184
161
180
174
182
165
182
186
177
179
181
152
165
165
161
173
160
161
180
157
188
178
165
152
159
159
162
167
159
172
164
172
172
172
169
172
162
167
172
174
179
178
155
173
171
180
172
172
160
161
177
169
164
175
170
176
191
168
177
175
172
175
169
186
175
172
173
159
170
175
185
158
169
165
172
194
173
173
176
182
167
180
168
186
148
168
180
176
167
175
162
169
174
177
155
174
177
171
149
172
168
164
171
161
166
176
174
178
170
152
162
170
170
187
182
174
159
167
169
170
174
178
151
181
166
172
170
172
171
173
164
172
168
174
160
184
183
160
171
174
164
171
161
169
174
176
173
174
177
180
167
156
173
200
163
160
164
168
169
185
162
174
167
147
154
177
156
171
179
175
167
172
155
168
186
160
178
173
171
185
172
160
162
155
163
165
168
158
178
166
179
168
164
169
157
179
161
182
169
159
178
174
173
189
175
156
171
172
162
168
175
171
174
176
172
176
169
179
174
172
172
173
174
162
171
179
173
164
170
166
172
175
163
179
188
173
170
169
152
175
171
175
197
175
177
167
169
172
173
166
168
176
167
174
169
176
157
170
181
169
169
167
177
169
173
183
164
172
165
179
174
163
182
164
176
174
166
164
166
158
174
170
167
158
163
163
172
175
152
174
164
180
165
174
171
170
181
180
177
173
173
172
170
165
172
172
156
167
165
185
168
179
157
169
173
167
187
164
164
169
166
163
164
178
169
159
183
163
172
172
167
166
168
172
162
177
177
173
166
167
180
159
167
168
174
167
168
160
179
168
157
165
190
160
174
171
176
170
165
168
175
172
178
185
174
184
173
183
168
165
173
182
169
162
183
166
165
179
168
159
179
170
165
169
167
174
166
151
179
162
157
164
158
173
158
160
167
182
183
176
166
174
161
176
168
170
168
166
168
182
174
175
173
180
182
162
164
193
162
170
166
175
162
161
155
174
178
178
177
167
167
168
181
188
188
172
162
177
170
166
158
178
178
183
148
171
171
188
158
166
174
164
170
166
178
184
188
184
175
190
181
171
167
167
167
189
162
186
173
181
178
171
186
166
172
165
168
176
179
172
172
176
174
175
165
162
170
169
152
178
171
177
157
179
163
180
185
176
166
175
157
179
171
176
159
179
166
177
164
180
169
171
156
175
173
184
169
160
170
174
182
158
175
176
163
162
179
168
164
174
173
164
172
175
176
163
177
160
173
172
170
178
168
170
173
183
174
177
170
171
174
161
168
172
155
180
167
172
169
164
166
174
163
180
174
179
160
180
173
175
163
162
175
175
186
172
175
168
167
165
166
175
169
173
174
170
165
162
169
159
177
169
171
177
157
167
169
161
159
183
161
160
169
166
165
166
166
165
160
174
171
179
159
182
171
166
178
169
174
173
175
178
174
168
165
170
179
159
175
176
153
171
176
164
176
175
170
176
160
171
164
163
172
178
178
154
172
184
145
170
176
154
175
172
174
174
160
165
163
167
177
177
173
161
171
167
162
185
161
168
165
179
158
165
172
175
161
180
179
173
175
175
171
170
164
175
164
175
165
178
173
180
172
186
173
173
185
177
143
171
179
171
179
173
173
162
162
159
162
161
158
156
161
176
174
184
176
163
163
169
174
160
170
168
173
176
168
168
165
168
164
171
181
184
156
170
167
182
168
161
167
160
167
180
161
176
180
176
172
174
166
181
177
176
180
160
173
179
173
170
166
183
169
172
171
163
164
171
165
170
172
188
170
166
168
176
176
160
175
161
170
179
161
171
171
166
167
187
177
174
163
179
170
168
167
166
183
159
162
167
177
171
171
162
176
167
168
164
165
173
175
174
165
163
160
153
170
181
186
171
181
160
156
174
176
183
179
171
159
177
168
168
170
161
180
170
167
165
171
170
174
167
172
179
179
171
183
159
165
166
164
165
190
176
147
163
170
159
167
165
172
171
171
181
172
170
163
178
176
164
174
178
166
166
181
154
166
164
161
175
163
176
176
176
169
174
164
173
162
178
166
172
162
173
182
182
165
173
171
174
168
178
158
178
181
189
176
172
176
171
154
160
174
179
157
176
164
157
179
154
178
174
170
193
155
181
175
169
159
177
169
179
174
171
178
165
184
192
173
169
173
183
165
171
157
170
167
152
179
159
178
153
169
167
160
170
165
167
166
174
176
173
175
167
173
162
175
166
173
163
167
170
184
175
190
171
165
153
169
