179
160
185
158
164
168
159
170
158
177
162
177
172
172
171
172
181
168
171
166
169
170
155
162
178
168
174
161
170
157
163
171
174
170
167
165
172
169
177
161
184
178
173
181
176
155
172
172
159
163
174
175
173
160
177
173
152
182
174
162
158
158
173
168
172
174
183
177
173
172
157
169
165
172
177
156
171
177
171
173
178
174
166
172
172
162
172
172
164
160
170
173
175
184
173
179
176
170
161
171
171
172
170
178
163
184
160
183
163
157
176
176
181
175
181
180
177
166
167
168
178
178
179
170
183
170
177
171
176
169
166
157
165
176
171
171
172
176
182
173
179
178
149
163
178
165
166
166
162
164
166
181
173
165
170
160
162
182
169
174
178
168
183
188
171
168
157
150
179
160
172
166
173
168
168
172
168
164
173
156
168
164
170
159
175
173
166
165
176
182
161
169
169
167
162
165
168
169
163
169
164
171
158
178
164
168
177
174
174
182
167
174
184
162
172
175
156
183
183
172
172
174
180
164
165
183
152
170
173
175
157
164
157
174
163
152
158
157
178
178
162
166
177
163
173
167
162
179
166
161
169
163
173
158
172
175
179
177
164
171
170
164
160
161
172
171
175
163
186
169
165
151
157
164
155
164
170
167
172
179
177
172
157
165
181
182
175
181
170
174
170
157
168
178
161
168
187
175
183
170
181
178
180
169
167
179
175
170
165
171
190
158
172
172
166
168
157
162
179
172
170
155
164
173
183
161
162
166
170
183
164
186
163
169
178
172
154
168
181
154
168
179
177
183
157
171
161
163
170
177
155
187
169
175
154
190
169
170
180
170
179
174
168
172
152
165
170
166
177
158
171
178
163
179
172
174
192
160
170
176
161
174
165
172
182
157
181
154
183
164
175
175
163
174
184
153
180
170
179
154
165
183
181
171
156
177
163
161
174
172
183
188
180
177
162
159
155
177
170
179
188
159
175
165
184
186
178
175
157
160
187
175
167
184
165
175
163
188
172
176
173
165
166
158
183
154
182
163
168
164
165
165
191
152
180
178
180
173
158
164
179
161
161
164
183
164
174
177
152
165
156
171
163
175
167
167
168
171
176
157
179
174
174
185
169
180
171
164
162
162
168
161
175
180
172
167
155
178
175
176
177
169
159
179
186
163
163
175
166
166
173
161
172
169
157
167
158
167
172
168
172
161
170
169
164
158
167
181
174
179
177
180
182
175
167
177
166
182
167
176
178
165
173
170
165
160
167
182
179
179
174
160
170
160
181
177
162
166
166
156
152
160
169
167
168
156
169
184
177
168
166
173
177
168
155
174
168
182
172
171
172
156
175
168
157
169
165
176
182
177
159
173
160
174
177
175
192
169
174
170
174
179
167
176
186
156
149
165
164
168
159
168
170
181
178
168
178
174
175
177
177
154
184
175
181
167
163
179
178
173
171
164
162
169
175
183
166
180
163
183
178
168
175
181
177
176
163
151
176
153
168
159
169
159
174
162
182
186
164
166
181
174
165
172
180
174
169
167
165
173
182
187
166
174
177
166
165
169
162
173
169
170
168
180
152
157
169
174
175
173
173
167
172
164
170
170
171
163
180
180
159
173
178
178
175
160
189
165
175
173
175
166
174
181
158
171
164
176
173
160
186
172
174
162
166
164
152
171
177
167
156
184
168
170
171
173
179
169
175
158
174
157
180
160
176
179
167
172
151
161
158
164
181
168
153
180
168
176
166
157
174
164
167
166
175
173
184
167
185
165
160
164
177
171
174
169
167
171
181
170
172
171
174
167
170
161
153
181
167
177
181
185
170
153
172
180
170
162
171
175
163
155
174
164
175
174
170
168
169
173
168
170
167
163
155
175
173
183
173
177
174
171
170
170
167
167
179
177
180
168
145
166
173
168
165
169
162
178
177
165
168
176
156
183
172
173
171
173
182
165
180
175
167
159
174
172
169
177
181
172
170
155
171
187
169
175
165
177
161
180
173
167
166
166
171
185
166
172
181
178
169
179
175
165
176
180
165
173
193
171
192
167
177
184
177
180
178
167
172
177
155
154
159
173
168
167
188
172
176
171
151
175
165
174
173
190
193
168
158
188
177
187
184
170
179
170
169
171
166
174
166
181
161
162
165
175
180
171
171
170
176
162
172
176
175
183
157
165
172
177
163
157
161
164
177
165
176
167
180
165
176
160
173
155
177
163
172
156
185
182
169
171
162
169
167
169
181
162
159
170
175
180
192
172
165
157
190
178
162
177
172
166
156
173
172
184
174
176
169
147
185
171
174
166
151
171
165
170
169
182
187
170
167
161
180
170
167
162
170
167
184
183
171
175
173
159
174
165
166
166
177
166
157
169
172
168
171
168
171
168
190
153
163
165
172
167
176
175
177
163
166
159
160
157
175
173
170
184
171
158
171
164
168
182
170
170
171
157
172
159
172
173
170
168
171
160
193
171
160
159
175
159
163
159
163
176
179
168
161
171
185
172
156
155
169
178
165
166
186
185
171
163
175
188
161
163
179
174
167
164
174
163
163
167
182
192
173
184
154
174
169
162
173
181
172
164
166
184
178
161
175
157
153
160
152
168
163
169
161
166
181
179
164
162
159
172
175
156
181
178
170
179
169
182
170
173
177
164
173
163
159
173
164
158
172
172
169
178
168
177
173
165
186
157
182
168
168
173
174
176
177
182
183
175
180
164
152
178
163
171
157
174
166
176
176
164
161
175
184
164
166
186
165
158
167
153
183
175
178
176
181
180
169
167
167
173
173
175
157
172
177
161
186
172
163
161
184
178
180
182
174
167
154
150
165
154
155
175
179
171
158
154
168
171
165
173
178
183
172
175
173
180
166
158
187
171
168
177
171
174
175
185
167
154
174
166
174
175
176
149
159
168
169
172
162
171
175
157
166
165
183
175
148
167
153
172
167
159
165
178
178
181
156
175
176
177
162
164
162
178
159
173
161
153
151
170
154
167
176
172
177
170
182
177
176
172
173
162
177
170
163
167
159
169
169
174
170
163
169
175
156
177
177
165
170
157
171
158
170
178
177
158
178
172
163
176
176
158
171
159
165
177
163
171
176
167
168
163
180
174
162
179
169
171
166
175
190
160
171
159
177
163
166
171
167
192
166
163
170
174
174
164
166
170
179
163
176
175
173
168
164
170
164
165
175
174
169
167
167
183
173
147
176
173
173
170
181
170
163
163
156
177
161
170
167
197
153
173
162
164
186
167
167
167
181
169
173
173
183
176
176
159
151
158
176
171
168
164
174
164
176
182
177
164
166
171
181
155
163
173
169
179
167
164
177
162
169
151
163
172
175
153
164
173
172
177
166
179
169
169
168
166
151
155
169
177
180
180
175
168
167
166
166
179
178
201
172
177
170
166
186
176
170
177
161
178
169
173
167
169
170
175
179
180
181
166
171
183
162
173
186
174
165
167
158
180
187
170
181
176
174
164
187
171
165
193
164
160
157
165
176
175
155
170
168
166
177
169
174
175
175
152
164
182
176
170
158
155
156
179
176
170
181
165
176
166
170
167
179
174
164
165
161
173
194
158
174
178
161
166
169
171
147
178
168
175
165
166
170
165
184
163
166
171
165
166
165
182
170
162
157
177
176
176
175
170
175
155
162
171
173
172
187
173
163
181
165
169
163
179
176
175
172
163
175
160
186
173
163
165
163
167
164
160
156
148
167
165
172
161
166
172
171
173
170
163
181
176
171
169
169
177
164
162
168
171
173
179
182
169
183
158
177
166
180
162
154
172
188
170
173
167
158
179
170
160
169
172
161
167
156
176
157
173
184
181
170
176
161
185
166
171
165
167
166
167
176
172
159
171
172
158
175
162
175
170
166
164
179
155
173
180
169
174
177
163
177
166
164
171
163
161
181
176
173
186
161
155
168
170
172
166
158
168
173
177
176
170
178
165
185
179
180
157
171
166
174
177
174
173
181
180
182
164
179
170
176
188
173
170
174
158
187
151
165
171
174
166
158
186
170
173
170
180
178
179
183
168
184
161
172
177
172
160
182
165
174
169
151
173
159
181
163
152
171
151
171
171
165
178
181
167
176
177
166
168
176
187
177
170
166
184
191
159
167
173
161
162
184
163
163
166
170
171
165
167
176
167
177
158
154
189
163
190
154
163
161
174
174
187
168
187
174
168
161
171
164
179
170
173
175
157
167
169
173
169
189
170
169
176
159
187
169
167
150
175
176
173
171
168
163
177
162
159
176
181
164
160
161
161
168
167
175
164
168
171
166
177
177
181
190
161
167
171
178
161
168
176
178
183
171
157
156
167
163
165
169
173
173
163
168
151
174
179
163
171
168
173
171
168
200
151
160
180
159
167
166
162
183
179
168
172
159
184
181
168
166
168
163
178
179
169
174
162
174
164
167
175
172
171
178
167
172
167
159
181
178
186
172
176
175
182
166
170
170
163
180
177
168
177
173
166
172
179
177
151
182
185
167
162
174
168
176
161
155
165
156
183
168
163
170
165
183
168
171
177
179
184
156
173
178
177
166
172
176
192
160
185
174
174
