182
172
170
164
174
160
171
172
179
164
166
175
173
171
172
169
175
164
166
162
173
177
168
181
185
170
189
182
176
162
182
167
171
159
171
182
149
173
184
181
156
184
182
172
183
182
163
170
173
192
184
163
175
170
181
175
161
174
182
156
162
160
165
181
171
172
175
164
177
182
160
162
175
172
173
166
187
173
178
182
155
159
179
179
172
173
166
160
166
172
169
175
169
177
176
169
164
177
173
176
168
165
197
172
171
169
182
166
167
167
174
175
177
168
177
181
178
168
166
176
178
162
166
153
171
169
170
174
168
166
163
178
180
172
173
178
159
162
171
166
150
186
163
174
177
164
171
171
182
168
174
171
173
173
177
158
179
161
171
180
178
177
168
171
163
169
171
168
158
170
171
174
173
176
180
168
168
171
170
173
165
168
178
177
174
180
175
173
166
173
166
154
170
169
181
182
169
167
187
174
160
175
167
155
187
165
157
166
168
159
165
160
171
172
164
171
152
158
170
192
167
161
158
166
174
171
181
177
164
174
173
173
165
161
170
169
189
173
158
167
176
169
165
164
166
179
176
174
175
188
172
164
170
175
168
149
178
190
170
179
161
182
174
162
179
170
172
185
177
178
174
161
165
173
159
161
164
191
172
181
157
159
163
170
177
179
174
167
171
169
180
177
165
164
159
156
180
164
177
167
164
156
167
167
164
182
180
174
166
178
171
153
169
177
168
164
171
179
177
159
168
162
179
164
173
168
151
167
180
162
180
173
168
173
181
166
161
164
170
164
167
159
166
178
166
171
174
166
165
166
189
167
185
173
181
166
166
164
162
175
177
186
165
169
160
166
174
170
166
164
165
156
152
196
176
172
169
185
162
166
179
173
174
177
168
173
168
178
171
183
170
174
165
160
167
170
173
160
175
167
179
169
171
177
164
183
172
178
171
159
170
173
175
184
169
175
155
159
175
177
180
168
176
173
171
181
172
167
167
170
167
178
179
173
171
176
156
152
173
160
183
174
167
175
171
177
177
152
178
173
181
160
183
165
172
162
180
171
180
166
175
177
177
182
167
157
172
180
166
166
178
168
164
162
166
172
165
160
170
165
168
173
171
177
176
171
155
180
179
177
175
161
165
176
162
186
166
155
172
183
172
155
169
173
178
170
187
176
157
172
158
184
175
165
172
175
187
170
173
157
163
158
161
174
159
165
159
170
164
169
169
182
156
171
171
161
187
179
157
169
182
168
160
175
156
164
180
183
166
185
172
162
154
165
167
177
162
165
168
169
156
170
173
176
167
161
181
169
159
166
168
163
157
178
171
173
185
167
185
155
176
172
172
177
176
164
179
164
169
178
164
173
175
173
178
162
171
173
171
167
168
176
152
177
163
179
159
158
177
182
162
171
180
174
165
156
164
163
175
168
186
164
162
163
180
167
170
168
171
174
178
173
169
172
175
175
166
176
156
190
167
169
172
170
155
164
165
166
169
178
152
153
182
173
186
178
176
191
178
172
165
174
186
180
152
173
159
175
175
177
173
181
170
170
178
178
169
174
180
171
171
172
174
162
172
173
166
162
175
172
178
158
147
163
184
147
173
178
161
171
183
172
180
178
184
172
168
175
158
159
170
161
160
169
157
173
164
172
172
182
166
160
181
181
179
192
168
155
162
167
181
185
162
168
172
174
179
177
175
177
171
190
185
176
166
166
182
175
196
167
180
174
186
185
173
171
169
183
174
177
174
169
173
172
167
168
173
157
178
180
173
164
167
170
163
172
167
173
167
173
167
177
171
179
174
162
189
178
169
151
173
168
175
158
167
164
173
154
173
184
165
165
174
184
152
172
166
168
172
159
169
170
169
171
170
165
191
173
174
166
166
174
164
162
165
165
170
173
160
161
166
179
172
170
180
161
181
157
159
163
170
177
175
163
174
169
178
172
179
171
170
172
164
189
175
170
165
173
179
153
178
182
176
180
183
196
157
167
167
157
185
173
185
177
163
170
168
173
175
180
176
171
175
169
175
172
184
162
166
176
187
157
160
175
163
165
158
160
188
158
148
178
151
180
173
162
169
184
178
190
150
157
168
165
181
170
162
194
180
180
172
191
160
172
170
177
179
175
160
155
163
177
172
169
173
166
172
180
165
178
171
183
180
172
161
172
169
164
171
172
170
181
173
162
169
186
165
186
146
156
180
171
169
184
165
176
162
165
172
164
174
174
180
184
171
159
161
186
174
174
174
172
153
176
174
181
166
167
169
173
173
169
171
177
174
180
181
168
163
162
166
149
179
178
170
159
161
191
172
173
161
174
184
168
158
173
165
159
185
166
159
164
168
173
167
169
163
151
184
173
178
184
172
170
182
177
176
182
175
168
157
171
165
166
180
182
159
176
177
178
169
165
169
178
158
166
167
184
168
159
173
177
160
181
157
179
172
178
161
168
180
172
175
178
152
174
186
183
180
162
187
181
183
162
167
167
173
161
164
176
180
160
182
185
180
164
179
176
159
165
173
166
161
176
157
161
169
167
164
166
169
175
170
182
160
191
182
172
173
173
163
165
168
166
179
168
169
166
169
160
155
171
171
161
185
158
173
172
170
177
171
173
160
160
174
174
177
172
164
173
165
159
194
172
157
167
177
178
171
160
157
174
176
178
185
178
184
179
154
155
171
175
176
174
159
164
169
176
154
174
179
186
183
179
182
184
188
162
176
172
167
161
162
173
153
169
192
176
181
171
177
180
175
157
177
174
175
185
166
176
180
162
187
174
183
162
165
184
169
175
182
172
165
165
179
165
167
173
183
166
165
163
173
165
175
187
161
166
171
162
173
171
169
169
168
171
175
169
157
187
164
170
159
176
169
181
181
163
171
179
166
181
156
173
165
182
175
174
190
169
172
174
162
165
181
163
174
167
164
176
168
184
173
171
154
166
160
177
180
183
171
171
168
181
147
173
176
163
171
165
156
195
165
157
167
162
173
163
169
162
177
188
184
180
172
157
156
177
172
178
173
163
159
170
156
177
165
179
171
174
156
182
188
177
176
168
155
172
185
175
172
175
166
152
168
168
185
173
167
167
154
171
165
182
174
177
162
158
178
168
161
152
170
170
177
178
166
171
184
174
166
176
178
166
174
167
176
157
182
157
172
158
188
177
173
181
179
183
186
176
173
153
176
179
161
171
176
177
166
165
184
170
165
175
176
165
176
171
170
172
194
182
181
170
185
171
171
165
167
181
175
162
166
179
176
172
185
173
162
177
162
179
156
172
175
158
188
175
171
173
180
178
171
158
161
169
167
171
168
188
162
178
161
172
176
180
174
177
181
174
185
172
169
177
167
167
179
186
167
176
173
174
175
165
173
184
157
165
160
182
166
176
171
178
178
170
166
155
170
177
177
170
165
175
180
174
177
171
165
166
167
179
159
149
163
166
159
191
176
162
159
165
173
198
169
159
178
177
158
146
162
165
169
180
162
170
171
168
167
166
168
171
185
150
165
158
166
175
168
179
163
182
182
176
161
168
167
177
163
170
172
162
164
174
173
171
179
172
166
156
182
183
152
166
163
152
184
171
170
198
173
163
173
177
184
166
168
172
169
156
169
172
177
163
178
179
174
157
172
171
184
179
165
185
165
170
164
177
174
180
155
167
158
181
179
188
150
182
180
159
150
177
171
174
161
186
171
180
178
158
173
170
169
194
180
162
173
154
163
177
193
182
176
175
157
156
182
175
179
162
177
156
150
173
165
172
172
155
182
172
166
169
172
163
179
178
150
171
155
169
165
175
169
183
176
174
168
162
159
175
169
171
176
168
186
184
186
166
178
170
172
170
172
169
170
174
174
179
179
168
168
174
173
160
176
165
177
183
158
177
178
182
161
176
169
193
183
170
176
176
177
189
169
176
161
177
166
166
168
167
169
184
170
175
166
163
163
172
166
158
174
172
180
170
181
153
163
164
164
164
182
179
174
165
165
166
157
164
181
167
176
147
174
170
186
161
176
173
166
178
186
162
167
179
186
183
173
170
166
158
162
161
170
174
175
177
168
164
166
176
166
167
180
170
173
172
158
170
190
175
178
166
186
178
157
159
169
172
170
163
167
179
147
171
178
167
177
174
174
171
175
171
159
178
186
158
175
152
165
173
170
170
166
176
159
170
176
172
168
166
174
169
170
157
162
174
179
186
160
177
162
169
160
161
158
183
175
186
158
163
158
178
158
159
165
166
174
160
170
165
174
147
173
169
183
157
168
185
168
175
171
163
172
189
179
185
173
172
173
162
166
154
163
175
180
165
163
170
174
173
176
186
173
176
176
175
170
172
178
173
161
167
168
172
165
177
176
160
165
178
169
153
172
166
181
180
170
151
167
165
170
156
168
169
175
169
156
174
166
175
170
178
169
176
179
181
162
162
174
165
184
166
169
156
169
172
170
164
175
184
174
156
177
166
178
183
166
160
179
157
178
169
176
157
158
171
155
170
174
163
161
175
176
179
171
174
188
169
171
184
171
162
171
176
173
168
183
163
172
172
168
185
158
171
182
175
167
155
164
183
