157
169
168
190
165
171
163
174
163
165
180
179
155
171
170
161
164
175
173
162
171
162
179
169
154
174
164
173
159
163
188
168
177
168
176
153
162
173
169
186
172
178
153
166
176
166
178
180
173
185
180
176
190
182
179
167
177
172
168
163
158
175
180
176
180
175
167
169
163
174
173
154
181
172
163
177
172
179
170
179
184
171
175
160
179
175
158
162
174
156
177
163
161
185
153
153
175
158
180
170
181
193
176
170
168
172
167
151
160
172
165
179
186
161
170
179
168
172
171
164
158
167
153
168
163
183
173
176
158
164
177
180
180
164
174
168
173
182
169
162
153
177
174
168
160
177
164
165
183
163
175
165
164
150
165
180
168
168
172
157
175
166
159
157
185
173
169
181
171
169
171
170
177
170
176
154
174
179
148
168
168
173
177
174
171
173
178
177
165
177
174
169
172
164
163
179
178
175
170
175
166
177
179
169
169
179
173
190
176
173
182
170
173
188
171
171
183
171
171
167
184
175
161
174
159
161
181
176
174
167
180
191
170
161
166
180
168
163
185
179
168
175
176
174
166
167
164
164
176
167
164
178
179
172
167
164
172
168
170
176
159
192
166
166
153
182
173
172
171
176
161
175
179
176
174
173
166
180
169
164
173
180
191
164
171
172
184
185
167
158
186
177
174
183
168
187
166
170
155
186
163
158
172
158
164
175
183
160
171
156
177
174
157
161
176
180
165
169
171
179
166
178
167
158
163
187
176
165
164
169
163
187
164
164
162
178
187
171
178
169
174
175
176
161
171
169
175
176
172
171
154
152
170
170
164
148
175
174
170
161
163
171
173
167
163
177
159
163
173
174
172
172
179
180
160
174
181
181
166
154
173
163
168
175
182
172
174
162
177
155
161
162
167
170
175
174
179
165
188
176
162
172
158
185
171
173
190
182
160
180
171
179
173
159
174
170
176
179
176
192
180
175
166
171
153
166
169
185
170
167
167
170
168
159
171
178
178
177
173
169
156
176
185
187
163
177
175
190
184
166
180
167
180
149
165
163
173
169
171
175
161
178
179
180
175
175
175
160
168
171
178
185
171
171
164
155
183
177
178
167
156
169
178
178
162
162
163
172
163
172
181
160
175
174
174
165
162
188
181
165
154
176
179
168
171
144
169
168
161
155
177
161
178
170
158
179
183
169
171
162
163
173
160
152
157
184
160
169
163
156
155
166
171
179
168
166
179
177
189
173
179
173
169
164
169
167
163
173
160
171
181
172
171
175
172
182
174
180
189
163
167
169
176
168
175
161
182
170
170
169
179
162
152
165
164
174
185
180
168
174
152
171
162
174
157
167
161
175
175
162
170
173
181
177
157
173
187
160
175
167
177
183
188
172
164
178
171
170
172
164
174
176
168
168
166
172
169
159
177
174
186
180
172
165
182
168
182
154
178
179
166
172
171
159
178
171
173
173
178
181
180
163
163
158
159
159
187
186
173
183
158
176
172
166
171
179
170
162
183
166
165
179
167
173
171
174
173
166
172
175
165
168
168
176
170
174
166
172
191
174
176
163
166
172
179
178
169
154
182
180
158
172
177
168
173
166
169
177
184
171
185
158
168
165
160
162
169
150
170
183
165
170
161
174
163
175
174
173
171
164
176
187
173
166
168
158
163
167
178
172
180
167
169
166
173
182
159
172
182
172
163
167
157
160
167
165
175
175
149
166
197
172
162
176
187
188
179
180
171
171
182
162
165
166
163
165
181
160
164
161
173
156
173
176
167
177
174
185
178
157
172
172
161
176
177
163
173
163
165
177
167
182
176
167
179
162
161
179
161
166
161
164
172
181
176
168
178
157
173
171
174
168
162
171
184
157
160
177
181
174
160
181
168
176
185
182
162
164
176
174
174
154
178
172
148
174
179
173
177
166
166
183
172
158
169
174
167
155
158
165
181
174
163
177
182
161
163
176
170
168
165
170
175
170
180
173
170
153
174
177
186
159
172
166
169
176
185
165
170
173
156
170
169
168
168
178
177
172
161
174
165
183
180
176
168
182
170
158
164
165
159
178
172
173
158
189
176
181
177
175
181
183
175
163
181
174
170
186
161
157
165
185
164
173
169
172
172
182
153
172
176
171
163
178
177
182
165
184
179
173
167
158
152
148
183
174
180
178
178
176
170
170
161
167
172
165
163
169
176
169
178
169
185
179
175
165
187
187
153
185
181
151
184
164
163
192
161
166
163
175
168
176
171
165
168
182
169
176
175
178
174
169
157
173
165
182
168
161
166
167
178
178
192
174
169
159
175
183
165
161
166
168
160
177
178
166
159
171
167
175
177
170
181
152
167
185
156
171
154
187
175
170
165
185
156
162
173
168
184
169
177
168
182
175
175
166
180
177
172
164
163
167
169
176
180
167
172
176
174
160
163
177
171
173
173
177
172
172
154
169
163
164
174
177
164
165
179
177
167
158
172
179
177
167
183
180
160
175
172
168
166
158
157
176
165
162
161
158
173
175
178
168
160
184
177
176
167
181
161
188
177
165
161
174
177
177
170
153
169
165
179
169
175
145
162
176
173
160
178
179
180
175
175
177
174
162
169
181
162
191
186
158
163
170
168
162
162
151
147
176
157
169
175
166
168
174
169
171
176
175
169
172
167
157
169
169
170
172
174
170
168
176
159
165
180
167
166
173
180
184
185
166
179
162
178
171
182
162
167
161
169
174
162
162
170
172
177
167
167
169
181
156
172
187
173
177
171
163
172
171
184
166
167
174
177
157
172
175
165
185
177
173
168
176
176
175
167
151
178
172
168
170
185
158
174
184
181
158
167
178
178
172
162
174
183
159
178
174
155
169
168
170
177
161
191
182
165
170
161
178
179
163
188
178
160
168
173
157
159
167
186
167
173
171
161
173
173
180
180
179
178
158
166
176
169
163
174
187
188
175
171
180
169
169
162
162
159
168
167
158
155
173
156
167
150
167
158
177
168
150
175
160
179
160
171
181
165
175
163
160
171
185
166
163
174
195
162
163
159
151
159
167
175
161
175
153
185
154
164
169
155
178
168
166
162
169
153
173
161
168
178
181
180
170
173
175
189
174
163
183
173
161
173
180
167
174
185
173
172
155
151
170
177
168
189
169
158
182
174
154
162
159
179
174
169
190
171
174
174
168
181
180
166
174
170
178
168
179
171
154
158
180
164
164
167
174
164
172
163
184
178
177
176
173
168
160
156
183
159
173
196
181
184
170
177
175
179
175
163
172
168
160
169
171
176
166
174
171
179
158
172
162
176
176
174
174
168
178
173
176
181
176
161
169
164
163
177
177
166
167
171
169
169
172
178
185
169
182
175
176
181
177
163
176
178
171
171
173
178
171
171
171
177
180
183
168
151
169
148
176
180
183
170
162
164
180
161
183
181
183
176
170
187
162
165
156
164
188
169
159
178
169
163
165
170
177
179
169
182
173
169
180
166
167
175
177
186
176
171
175
168
171
174
171
160
154
179
167
175
171
161
178
166
151
170
172
164
163
166
165
163
162
165
183
170
166
177
173
178
172
165
161
187
172
157
178
174
152
175
166
176
176
162
173
171
183
177
154
163
174
187
159
166
165
184
168
176
183
169
161
155
179
179
166
181
160
176
189
168
177
172
186
177
157
176
160
183
161
177
174
168
172
165
188
171
172
168
170
177
168
175
174
158
169
163
177
181
152
164
165
156
164
176
155
161
169
170
170
157
170
172
170
174
174
163
183
176
169
185
176
161
178
166
174
173
172
179
160
182
170
179
167
170
183
167
176
175
176
168
173
180
179
173
181
171
186
162
155
173
168
174
183
158
168
174
154
164
180
161
165
171
176
173
162
165
157
162
176
166
170
160
184
172
178
168
175
167
164
180
175
152
168
163
184
169
181
169
163
162
167
183
156
182
169
164
169
179
156
185
168
171
172
178
169
175
174
165
167
166
175
165
159
158
177
182
161
168
172
158
170
175
168
184
173
172
170
179
164
157
175
164
161
169
172
162
174
173
176
166
178
173
174
155
182
156
163
178
172
165
170
167
164
174
169
175
169
165
179
167
167
178
156
169
174
164
165
168
195
153
148
178
171
165
166
173
172
148
180
183
170
157
172
174
155
156
162
173
162
168
154
178
172
189
171
167
171
172
165
178
172
167
176
171
160
180
174
164
165
177
178
177
168
180
159
174
169
163
182
166
182
176
172
166
157
181
179
169
170
162
171
174
159
179
167
181
175
170
175
175
160
177
179
160
170
182
170
170
164
159
176
175
166
169
158
182
170
175
179
170
179
165
162
156
174
179
177
147
179
174
173
174
184
164
195
177
177
166
160
176
174
169
173
157
160
170
197
159
171
181
182
182
179
164
165
161
189
179
182
156
164
161
156
174
173
173
184
168
180
167
184
187
185
179
171
173
153
160
159
167
169
159
178
166
168
167
165
164
166
164
176
168
177
182
170
168
167
168
166
173
165
167
161
162
170
171
161
165
169
170
166
168
178
151
164
172
166
154
160
165
169
168
157
176
173
175
173
182
173
183
173
