137
1
99
65
1
1
1
135
1
148
132
1
99
133
1
1
1
1
117
130
1
1
147
1
1
84
73
1
145
1
145
1
1
116
1
143
120
94
1
1
55
1
1
119
1
1
96
136
148
1
1
132
114
141
139
124
1
61
106
140
108
25
143
142
1
132
30
93
146
137
106
1
113
1
106
1
93
1
140
145
138
149
101
1
1
1
149
28
1
142
148
138
144
1
140
1
138
126
1
141
110
136
137
1
125
1
140
119
123
1
1
128
138
1
1
1
124
129
1
139
1
125
120
1
1
125
118
1
142
1
1
106
1
134
129
1
120
1
146
1
150
112
123
1
1
1
1
1
1
1
1
1
139
1
1
1
140
148
1
1
144
140
146
133
143
139
133
1
122
1
127
1
134
1
1
131
1
1
1
28
1
1
1
113
142
1
144
117
1
1
1
1
110
1
1
1
141
1
1
138
1
150
139
123
142
1
96
1
131
1
124
1
144
1
1
1
1
1
134
133
122
1
143
1
1
1
128
1
79
141
146
1
1
1
1
126
1
117
101
1
1
1
1
1
1
1
148
101
130
147
148
24
55
123
1
146
58
1
1
137
1
137
1
134
142
1
1
67
142
121
123
75
1
107
130
1
1
142
128
1
1
1
1
1
108
1
121
1
131
1
145
1
121
98
1
1
1
80
113
106
1
1
142
136
136
1
1
115
127
1
1
1
1
145
1
120
97
136
1
99
140
1
91
1
113
1
143
1
1
139
1
125
138
129
119
1
117
32
1
1
1
115
132
1
147
149
129
138
1
1
1
144
134
1
137
1
1
1
125
1
1
1
1
143
1
1
1
1
136
132
146
147
1
1
1
124
103
143
116
1
1
1
147
105
1
79
80
1
122
1
150
1
133
118
142
135
1
1
1
1
1
1
146
139
139
120
133
111
1
122
1
114
137
1
1
1
1
95
130
1
1
120
111
1
92
131
1
112
1
1
1
118
1
97
1
93
1
141
1
1
108
1
129
148
1
103
151
1
140
144
98
1
1
144
1
1
1
139
122
1
1
100
1
1
1
1
147
1
1
1
107
67
1
1
1
130
1
112
132
115
141
1
1
1
1
138
1
1
102
1
1
1
1
1
142
123
1
1
128
1
126
1
121
134
1
1
145
1
1
1
1
123
1
1
1
1
142
1
1
1
135
1
1
148
1
142
81
1
1
140
125
142
107
148
1
125
145
136
60
1
105
137
1
131
1
144
1
120
1
131
136
1
123
1
1
1
140
1
1
1
1
121
121
1
130
130
130
1
109
1
84
113
118
1
139
141
1
1
148
143
28
1
147
137
105
1
101
1
1
78
145
1
1
146
130
1
143
99
1
145
1
1
97
1
1
1
127
1
1
1
118
140
1
1
89
1
1
1
1
124
136
148
1
134
1
146
128
142
78
1
1
89
1
1
145
141
1
137
1
1
83
144
1
1
130
119
1
1
1
1
58
1
114
1
1
1
141
124
103
141
1
1
148
143
1
135
145
1
1
1
117
1
137
138
1
119
1
145
125
1
96
1
1
121
142
1
113
1
122
1
96
103
1
109
1
134
1
1
1
121
136
120
129
1
1
111
77
146
1
143
102
1
1
107
146
1
141
116
138
1
147
1
1
148
137
1
1
142
1
1
133
128
149
122
1
141
131
1
131
1
147
1
1
1
1
1
1
129
1
107
145
44
1
1
142
138
1
1
1
123
149
1
88
1
147
1
1
1
108
126
143
145
1
1
147
1
1
1
122
108
138
1
137
147
151
133
140
122
1
143
128
144
145
1
1
132
1
1
1
1
1
1
45
127
123
129
1
1
84
135
1
103
126
1
1
143
1
126
1
1
1
138
1
132
1
70
147
1
146
120
1
1
1
1
133
1
1
1
1
126
150
122
1
1
1
118
133
1
114
111
1
1
1
1
142
1
1
1
137
1
1
141
114
127
1
150
144
139
99
93
1
146
1
1
1
1
1
1
1
1
135
1
1
137
1
1
1
116
1
139
1
1
105
1
132
1
1
1
1
140
1
138
95
136
124
1
1
1
140
1
136
1
93
1
145
1
1
93
123
1
128
1
1
1
147
1
85
1
149
1
1
1
141
147
1
1
29
136
90
141
1
110
1
1
1
143
150
1
1
126
1
125
1
146
137
1
147
126
1
1
124
1
1
1
1
134
1
106
1
140
122
1
106
142
1
1
1
81
1
143
1
135
1
107
1
1
150
150
1
1
1
1
1
120
147
1
130
147
1
1
139
93
1
50
1
115
143
112
139
146
1
119
151
1
1
143
1
1
1
124
132
130
1
1
148
123
1
1
133
123
69
108
105
1
144
70
87
1
1
1
1
105
1
117
1
67
1
138
1
139
1
106
1
1
80
1
1
1
1
131
92
134
1
1
141
1
1
118
134
119
136
138
1
1
1
140
1
130
1
134
1
1
52
1
1
1
1
1
145
138
132
1
55
1
145
1
1
131
142
143
134
1
136
1
1
1
131
1
117
1
1
1
1
1
144
133
150
1
1
138
113
129
122
134
134
1
134
132
122
1
1
82
127
1
141
140
58
147
144
1
138
1
1
145
1
1
137
1
1
140
103
144
142
126
138
1
1
126
149
145
1
109
89
1
145
140
114
134
133
1
136
1
128
144
119
128
132
1
1
144
1
1
1
133
138
144
145
1
107
1
1
94
131
1
1
97
141
1
125
115
1
1
140
1
1
1
1
1
1
1
95
1
131
131
1
1
100
1
139
121
1
1
119
129
121
1
147
1
1
1
143
103
1
120
143
101
1
1
144
1
1
1
1
140
139
1
100
1
135
146
1
134
139
1
1
135
139
1
1
137
1
150
1
114
1
1
1
137
141
138
107
129
127
89
1
1
1
146
1
1
152
1
1
126
145
144
1
1
142
145
145
135
100
115
1
117
140
1
131
139
1
142
148
148
140
130
1
150
1
1
1
1
1
135
1
138
1
131
134
1
98
1
129
1
1
24
151
1
1
147
1
1
1
93
1
1
1
1
118
1
133
88
1
1
1
1
1
132
1
145
1
79
1
1
1
137
146
127
1
129
1
1
1
1
127
125
1
65
110
1
1
89
121
1
136
129
126
110
1
138
1
149
1
1
83
1
105
1
113
92
138
1
117
148
1
1
1
132
1
1
1
1
1
110
120
1
1
138
1
100
1
136
1
129
108
140
1
1
151
1
116
1
1
109
96
124
1
74
132
1
126
1
1
140
1
106
1
136
1
1
1
1
1
1
124
127
1
1
133
1
1
126
126
1
1
1
151
1
144
131
1
1
133
1
1
144
148
1
1
1
1
102
1
1
1
146
95
145
122
148
120
141
1
141
1
1
1
1
126
1
139
121
145
132
118
1
132
1
131
1
111
1
1
130
1
28
1
123
128
1
136
125
1
109
1
1
145
137
1
1
130
1
127
1
1
129
1
128
147
1
139
149
1
114
86
1
89
1
1
1
149
127
138
1
135
109
113
127
1
137
121
140
1
1
1
89
124
149
1
1
144
1
113
138
141
147
106
106
95
1
1
1
127
1
100
129
108
140
1
124
149
1
1
135
1
136
81
1
1
86
1
1
149
103
132
126
137
1
1
1
94
117
1
135
102
1
116
106
126
1
1
1
146
1
123
1
1
100
1
1
103
149
75
135
131
138
1
1
1
139
134
1
1
139
138
1
1
1
1
130
1
1
1
1
1
1
74
148
145
142
130
1
1
1
1
1
92
128
1
1
127
1
128
147
139
1
1
1
1
1
136
1
1
130
142
139
104
134
87
1
113
1
122
128
146
138
144
128
1
1
1
1
1
95
124
141
1
1
134
1
86
149
143
1
1
1
137
1
139
1
1
1
1
1
1
135
99
1
118
1
150
1
133
61
1
86
93
127
1
134
1
116
1
119
138
1
134
1
137
106
1
1
99
139
89
1
1
93
1
78
1
132
1
97
1
103
1
140
140
1
1
137
110
104
146
143
1
124
134
147
1
1
1
1
1
149
142
1
1
132
1
1
144
1
143
1
134
107
58
1
146
135
145
146
120
125
1
114
40
1
150
84
1
114
147
109
1
1
110
133
1
1
131
137
114
140
1
148
119
1
138
127
102
1
134
1
125
1
137
1
1
148
141
103
1
128
1
1
123
1
145
128
111
125
101
1
1
1
126
1
67
1
1
146
1
1
1
130
114
115
140
132
130
134
125
1
1
147
1
1
1
133
131
121
1
1
1
1
76
137
1
1
115
150
1
137
1
1
1
142
132
1
126
1
134
128
124
1
128
1
51
131
1
1
138
1
134
137
1
1
1
103
118
1
136
125
1
124
38
1
144
132
141
1
1
1
140
1
143
115
1
65
1
1
130
1
1
136
1
1
134
1
1
122
1
1
140
1
1
1
139
132
58
114
1
134
1
1
1
1
132
1
1
56
1
1
1
134
118
1
96
1
1
142
1
1
1
23
132
146
1
146
117
109
126
1
139
1
126
1
145
142
128
134
138
130
149
125
118
107
