1
1
149
1
1
137
126
130
1
110
71
148
1
1
92
133
1
135
143
1
1
1
128
128
139
1
135
104
73
1
75
128
1
1
148
1
116
120
1
1
135
147
1
117
1
1
149
1
1
145
1
1
1
1
1
89
1
1
30
1
1
147
139
1
1
108
1
1
144
1
1
149
1
132
139
122
102
1
142
1
1
135
129
1
1
1
1
75
1
145
1
140
1
1
141
1
1
107
110
1
1
1
1
1
113
142
1
1
1
149
143
1
1
143
150
141
1
149
139
1
123
1
152
1
1
1
123
140
109
1
1
1
1
1
1
1
117
1
1
111
1
1
1
1
1
1
131
147
102
124
133
138
1
1
1
1
1
138
82
132
1
1
1
1
1
1
1
69
1
1
144
1
1
1
1
1
135
1
72
134
149
145
1
140
1
147
1
124
126
113
1
1
145
134
132
138
1
141
1
95
132
143
1
1
109
1
1
140
1
128
91
1
1
135
1
135
139
125
1
1
1
1
143
1
1
1
145
27
144
137
1
91
1
118
1
1
1
1
1
137
111
129
129
1
139
1
141
1
1
138
1
142
134
1
1
121
117
1
139
1
1
1
101
1
109
1
1
1
1
123
131
1
1
1
1
102
95
1
56
1
110
1
1
133
146
133
125
1
1
1
113
105
138
1
1
140
1
1
1
101
1
106
115
137
121
123
138
1
1
126
1
117
136
1
1
149
1
1
139
1
142
146
1
147
107
137
1
140
1
134
133
137
1
1
145
129
120
1
131
1
121
1
1
138
1
1
1
107
139
1
1
1
1
138
145
106
149
1
1
101
1
1
65
140
1
126
1
1
1
145
134
1
144
139
147
139
1
122
115
1
117
1
1
140
132
1
105
1
1
115
145
145
146
1
112
132
1
143
134
150
1
135
103
1
1
1
142
1
143
1
1
1
121
109
119
1
137
143
1
1
121
144
144
94
125
96
1
141
145
132
1
1
146
120
1
94
1
1
1
1
122
128
1
150
1
144
1
1
1
134
1
82
141
103
120
1
116
84
101
1
1
135
143
1
1
120
150
108
96
1
1
75
1
1
1
1
1
1
121
79
1
1
1
1
126
141
1
147
121
138
127
127
125
1
131
1
1
1
1
141
1
44
128
135
119
1
126
121
120
1
1
1
1
127
129
143
1
148
1
1
144
1
1
122
134
112
1
1
138
77
99
1
145
1
147
1
1
147
1
86
1
1
140
1
1
1
1
126
1
143
106
121
130
1
1
143
141
1
147
126
1
128
1
138
1
139
136
1
125
1
136
1
132
1
1
115
110
1
1
117
142
147
138
1
1
105
131
144
1
132
1
1
1
1
1
1
122
1
1
128
134
149
131
1
99
34
1
27
1
145
149
130
143
128
120
112
1
133
119
127
1
136
144
1
145
113
95
1
1
1
118
138
1
1
1
1
1
1
84
121
134
126
1
123
127
141
1
1
1
1
1
138
141
1
109
1
95
1
140
1
144
120
34
1
1
1
142
89
1
1
1
138
134
138
148
1
1
140
1
1
150
121
1
1
1
147
125
1
1
1
148
1
141
1
1
140
105
1
1
1
149
1
1
83
1
1
1
1
135
1
1
1
1
94
1
142
146
104
142
98
1
1
150
148
134
137
135
130
1
1
1
102
1
97
126
1
1
151
1
1
1
133
124
144
128
124
141
88
1
139
1
1
150
1
148
1
1
144
1
1
63
139
1
117
138
57
1
88
1
127
1
131
1
1
128
105
1
1
112
146
134
142
1
1
130
1
140
1
130
1
1
115
1
120
1
141
141
1
138
1
146
1
1
135
1
1
123
141
1
149
99
1
1
93
136
1
1
1
127
1
119
1
1
1
1
1
1
33
1
137
1
1
120
1
1
1
133
141
1
1
1
109
109
139
1
1
133
1
114
126
1
1
117
1
1
97
113
143
147
132
150
1
120
1
124
114
1
1
1
1
125
1
96
1
1
146
1
108
1
1
139
143
1
145
1
1
1
1
1
93
1
137
138
1
1
1
115
1
1
148
1
1
1
125
1
1
1
1
1
129
1
134
124
119
124
1
1
130
1
117
131
1
104
100
1
1
99
1
135
120
98
129
109
1
130
1
133
75
133
1
1
1
117
1
1
145
144
143
142
71
141
1
1
137
133
1
1
1
144
107
149
139
122
61
110
1
1
1
122
1
1
146
126
135
1
96
1
1
1
145
147
1
1
140
146
134
137
142
1
1
1
112
1
1
1
1
127
135
99
1
145
133
1
1
1
136
1
1
1
146
140
1
131
131
128
71
124
1
1
1
138
91
1
122
150
122
1
143
144
140
129
1
1
1
132
134
131
130
128
1
1
130
1
1
1
132
144
1
1
99
87
1
1
1
1
1
140
1
1
1
1
1
1
1
1
1
1
1
145
1
1
137
1
1
141
1
35
1
99
145
129
133
144
1
119
1
148
1
141
1
1
1
131
1
1
125
1
120
1
1
1
1
139
107
125
107
128
147
151
1
1
85
1
1
1
1
1
1
79
1
132
130
117
139
95
1
127
126
130
122
128
1
1
1
1
149
134
1
106
1
132
1
144
1
1
138
1
1
101
1
140
143
150
1
1
124
1
114
136
1
122
1
78
133
1
118
1
121
105
1
146
116
1
90
1
142
1
133
61
111
107
109
1
1
142
136
1
148
1
1
120
1
1
1
136
1
1
1
1
1
1
141
115
1
1
114
1
130
131
112
1
1
1
138
1
1
1
148
143
1
1
124
1
135
145
1
1
108
1
122
1
1
147
1
1
1
120
1
147
1
1
1
1
140
136
58
1
1
1
1
105
98
149
136
53
96
126
144
1
1
1
143
146
1
1
1
1
1
1
1
123
131
147
134
123
134
1
1
1
138
141
121
35
1
106
1
1
119
1
1
126
1
1
109
1
1
115
1
1
53
1
121
144
1
72
1
1
1
107
1
125
147
1
140
100
141
1
143
1
140
113
139
137
1
1
136
1
98
1
114
120
1
1
110
127
1
1
1
1
1
127
148
1
139
110
104
1
131
1
1
1
1
1
1
1
126
1
1
1
141
1
95
121
141
113
98
136
138
137
132
140
1
1
1
124
1
145
1
1
136
1
1
1
147
131
146
119
1
1
136
137
105
131
98
112
137
111
1
104
125
141
1
1
1
1
1
1
138
1
1
1
1
139
1
1
1
139
1
147
133
103
145
1
114
1
1
1
110
130
129
129
147
70
1
1
136
1
1
150
1
109
1
145
1
1
1
1
138
1
139
124
1
120
1
1
144
1
137
143
96
1
1
1
1
126
137
1
91
1
1
1
1
1
1
142
131
144
113
1
130
140
1
119
133
1
135
123
113
115
1
126
1
1
81
1
142
1
1
139
150
1
1
1
119
107
1
1
1
89
123
1
1
126
101
103
143
1
1
104
121
128
1
1
140
121
1
1
1
94
123
127
1
1
1
1
1
1
1
1
103
1
1
120
150
1
1
1
28
116
1
147
115
140
1
1
1
139
1
1
1
1
1
140
1
142
135
149
1
1
135
1
143
1
141
1
1
1
1
144
123
1
74
143
1
1
140
1
130
134
1
125
1
1
1
1
1
1
1
118
1
136
138
1
1
119
1
105
134
146
1
122
128
1
1
1
145
103
1
136
122
1
126
1
1
118
1
1
112
1
149
145
1
122
131
145
124
1
141
86
1
146
121
128
143
1
1
1
106
1
150
130
1
1
131
1
91
1
89
1
142
131
1
1
126
1
114
105
1
1
1
146
148
126
122
1
1
126
1
1
134
1
135
135
108
144
1
1
1
1
134
1
1
1
91
1
1
145
123
145
1
1
1
1
124
117
134
132
1
1
1
1
134
62
128
132
100
125
134
149
101
88
1
1
1
1
1
1
115
124
140
143
1
142
1
118
128
1
144
138
1
1
1
1
1
1
149
1
1
133
1
1
1
140
1
1
1
1
125
1
1
1
138
136
141
40
1
116
122
105
133
139
1
1
1
109
88
106
1
1
117
121
139
1
125
124
90
150
141
1
1
122
1
1
140
1
1
109
1
1
1
150
30
1
1
1
126
1
93
1
141
120
87
149
1
1
1
1
134
127
1
1
1
1
139
1
1
1
147
1
1
107
1
1
93
138
101
1
1
84
1
1
87
1
1
141
118
1
1
1
1
1
1
1
1
95
1
127
135
1
136
143
148
140
137
132
1
133
138
1
126
105
1
1
1
123
1
1
1
140
147
1
1
145
132
142
1
132
107
1
1
1
147
1
1
119
124
1
111
1
1
129
113
1
1
147
133
128
137
1
138
1
1
1
1
1
1
1
1
1
1
1
1
137
1
1
143
1
1
1
72
1
1
141
140
148
1
114
63
1
1
1
59
1
145
1
103
1
1
140
1
151
1
85
1
1
147
1
123
1
1
115
1
122
145
127
145
132
104
1
1
1
1
1
135
1
1
142
119
99
1
137
110
1
1
1
1
100
147
1
1
1
139
130
131
1
135
1
124
122
1
