146
148
139
138
1
138
129
1
143
1
133
140
1
1
138
131
139
1
123
1
1
1
136
1
1
1
1
1
1
109
1
87
1
1
122
149
95
1
1
134
1
140
1
141
118
1
122
142
132
1
120
117
103
111
1
1
1
114
128
1
1
136
122
1
1
1
141
147
118
142
106
122
1
1
1
1
1
132
104
45
1
129
139
1
1
116
106
1
1
129
1
148
63
102
1
1
1
114
126
87
1
112
1
1
1
1
134
122
130
109
122
146
125
148
151
1
115
120
139
139
99
114
120
143
140
140
1
80
1
131
1
1
1
138
141
134
79
50
1
1
120
142
138
1
1
144
1
1
1
1
1
1
55
80
116
100
138
113
1
137
1
31
1
1
86
1
1
1
1
146
1
1
101
118
1
120
141
1
1
1
112
114
1
145
1
1
143
145
118
149
1
1
128
1
1
120
130
1
1
143
1
1
1
128
106
1
1
1
147
140
1
1
1
147
133
136
92
119
1
1
133
1
130
99
141
140
1
1
1
106
134
1
126
1
139
1
1
124
148
128
1
112
1
1
1
145
1
1
1
1
135
1
142
1
113
136
134
146
1
135
1
1
1
77
1
82
1
137
1
146
1
143
141
1
1
128
141
1
1
130
1
1
1
1
95
1
144
1
111
1
142
146
1
1
1
145
1
1
149
1
1
109
146
1
1
125
1
97
1
124
104
151
148
1
1
110
134
1
1
141
149
1
140
1
1
108
139
1
90
123
1
1
1
1
146
1
128
110
126
1
1
142
141
1
106
132
1
112
1
1
1
143
109
1
1
145
112
109
147
1
1
1
1
135
99
140
1
133
142
1
1
127
113
146
119
101
1
105
146
129
128
1
111
1
143
140
1
1
1
129
132
1
1
110
105
132
126
119
1
1
143
1
146
1
1
137
118
1
147
136
1
1
120
1
85
1
1
1
1
1
92
1
148
140
1
130
141
1
1
1
97
137
1
1
143
140
1
144
144
1
1
1
1
141
146
1
1
1
1
1
143
1
122
1
1
140
137
1
1
1
131
1
1
87
107
1
75
100
130
1
1
119
1
146
1
129
142
103
1
121
1
129
1
92
133
1
1
134
1
127
1
1
129
129
1
1
1
1
133
106
151
1
1
137
127
1
1
117
144
144
1
1
142
1
149
1
1
1
1
1
1
143
1
1
1
128
147
1
1
1
1
125
1
135
133
137
1
1
1
148
147
1
136
141
1
1
131
149
135
136
147
1
1
128
142
1
149
117
151
1
1
69
1
1
86
1
1
1
138
146
139
69
1
1
129
122
114
1
1
147
78
1
1
1
132
138
95
145
1
1
1
80
136
1
1
1
142
1
144
1
1
1
1
1
128
129
108
112
1
1
148
1
1
1
1
74
1
138
1
138
112
132
140
136
1
1
1
94
1
1
126
1
1
1
1
34
1
1
142
1
131
132
128
136
114
1
1
92
1
148
129
134
1
116
1
1
141
105
76
1
1
94
132
134
1
29
119
120
1
130
1
1
141
1
1
137
1
1
151
139
108
149
129
121
133
149
107
1
122
1
1
1
105
142
1
122
1
140
120
1
82
137
127
1
1
113
1
139
1
124
1
25
1
120
134
127
129
1
130
125
131
1
144
1
1
138
1
1
69
1
108
117
104
145
143
1
120
1
96
1
108
1
1
149
132
126
143
126
145
1
1
127
126
1
1
1
1
127
111
1
1
1
1
1
1
1
138
1
1
1
93
1
140
1
1
58
139
111
70
1
138
1
142
129
1
1
124
142
119
1
1
135
1
1
74
1
1
1
148
1
146
1
138
1
1
146
81
1
136
1
145
98
144
1
1
145
129
142
1
1
1
1
1
1
1
138
1
106
118
119
1
1
146
1
147
131
1
135
116
124
1
122
1
1
1
1
1
1
145
128
1
148
1
146
1
106
127
1
1
93
1
1
104
1
1
1
147
1
138
105
137
100
1
1
146
1
1
149
1
133
141
1
128
1
128
1
1
123
131
143
1
136
141
1
1
1
1
110
102
1
1
1
1
111
1
1
1
1
1
144
1
68
137
140
1
49
124
145
1
117
134
142
118
130
103
116
1
81
1
1
1
1
118
1
1
123
1
1
51
141
131
1
113
1
138
142
146
144
1
100
1
1
1
1
148
125
1
119
131
146
1
1
1
1
83
144
1
1
1
129
1
135
142
141
82
1
122
76
144
33
115
1
137
133
145
1
124
1
1
107
1
106
131
1
64
1
1
1
1
1
1
1
1
1
1
1
114
133
1
1
25
112
125
118
148
138
1
143
103
93
104
134
147
141
138
1
127
144
1
80
1
1
134
25
122
145
114
51
141
124
139
142
1
131
89
1
1
151
127
1
1
89
149
1
102
1
149
1
127
146
1
121
1
1
123
140
141
147
140
134
1
1
106
1
144
1
1
1
124
1
1
138
138
82
145
132
1
1
1
118
146
129
1
1
1
1
1
1
143
1
113
1
108
1
146
1
139
1
1
1
133
1
1
76
1
126
119
1
1
123
115
1
1
141
1
1
1
125
1
141
122
1
1
1
137
1
1
1
82
1
101
1
113
1
1
127
1
1
1
151
126
1
1
141
128
1
1
111
140
1
1
1
137
142
1
128
141
1
137
1
1
1
128
1
126
148
112
98
1
1
1
146
132
1
147
1
121
137
61
1
107
146
129
1
140
92
149
141
143
119
1
1
142
1
131
129
130
146
125
1
1
1
1
121
1
1
1
1
1
1
1
1
1
1
141
108
133
1
1
1
135
1
1
1
130
1
144
145
1
1
1
1
1
114
1
1
1
1
1
1
1
91
1
1
1
127
132
143
1
1
73
128
1
138
1
128
1
1
132
128
106
1
143
1
148
142
1
139
1
1
1
119
132
132
116
128
1
1
1
133
146
1
1
1
145
141
1
1
1
1
144
145
1
147
132
107
141
141
1
123
1
1
1
1
1
133
1
119
1
1
128
1
96
1
128
111
1
95
1
1
1
1
1
1
99
135
1
1
1
126
1
82
1
142
128
129
123
1
139
138
1
118
138
113
148
144
131
102
124
123
140
138
1
112
129
1
108
125
103
1
125
1
1
129
128
1
91
1
147
66
146
139
139
134
140
1
112
1
144
128
131
1
1
1
120
150
1
1
1
1
133
1
139
141
101
147
25
1
123
100
93
134
1
125
122
1
76
142
1
140
151
72
140
123
105
1
148
137
103
145
147
1
143
1
25
119
148
1
1
1
1
1
1
1
1
121
1
1
1
144
149
104
137
1
145
1
1
1
133
1
121
1
1
1
1
142
1
80
1
1
1
140
112
128
148
1
1
1
129
133
1
141
140
76
1
1
107
1
149
101
1
1
128
79
138
148
1
58
1
1
125
1
131
116
133
1
142
1
131
1
1
1
118
133
141
1
102
1
135
144
1
1
1
142
1
1
1
124
110
137
1
125
1
139
1
1
108
83
1
148
114
1
1
1
1
1
122
121
139
1
1
115
141
1
1
1
130
1
1
137
124
1
1
132
142
1
1
1
132
1
1
126
1
1
1
137
1
144
1
138
1
147
1
1
146
1
141
1
150
144
1
92
1
101
1
130
1
1
1
144
1
1
150
1
1
1
135
1
1
1
1
1
134
1
1
132
1
1
1
1
1
120
88
74
1
138
149
113
138
147
59
1
1
1
102
132
1
131
106
1
123
85
1
128
119
1
109
142
1
137
1
1
1
1
146
143
142
116
1
132
1
1
127
1
82
1
1
55
1
1
109
1
143
130
139
1
1
1
1
1
138
1
1
144
1
1
1
122
134
1
140
129
1
144
132
132
1
144
1
146
1
1
108
126
1
1
142
101
1
116
1
120
127
1
145
1
115
136
116
141
120
1
1
1
1
1
1
1
1
126
1
91
135
1
138
1
1
68
1
135
120
140
1
1
1
120
1
1
120
145
113
134
1
1
104
140
1
138
1
1
1
1
143
99
108
97
148
90
1
1
1
1
1
1
139
1
148
124
1
97
94
121
95
1
142
144
100
1
1
137
1
144
1
1
125
140
1
1
92
100
127
1
133
107
127
1
128
142
118
1
1
1
132
132
131
114
147
115
1
1
150
1
1
1
1
75
1
1
104
1
136
1
73
1
31
122
150
1
146
90
136
1
26
101
1
1
1
142
1
1
1
1
97
1
136
124
151
1
86
151
1
92
128
1
1
146
1
1
126
146
119
1
1
1
119
1
131
146
1
61
1
1
147
127
1
1
1
122
141
1
114
135
113
115
1
1
119
151
1
1
148
1
1
127
139
138
133
1
65
1
87
116
1
1
59
143
1
141
1
138
1
111
145
139
123
1
136
139
1
1
1
1
1
1
135
1
143
1
78
1
131
1
1
1
102
81
1
108
128
93
1
134
116
1
141
126
142
1
83
1
1
139
1
145
1
1
71
146
1
1
106
115
140
130
133
1
127
1
121
150
1
90
1
1
114
113
1
1
148
101
1
103
1
1
33
148
1
1
1
122
