1
1
129
1
146
1
146
114
134
114
134
1
131
1
140
1
118
146
112
1
142
1
1
1
144
129
1
1
102
1
1
138
140
138
97
1
117
1
1
1
1
136
117
131
1
1
1
1
133
1
1
1
1
149
135
128
1
1
121
119
1
1
1
1
1
133
1
135
142
1
1
134
1
78
1
1
1
1
1
1
143
1
1
143
1
124
127
1
140
1
126
143
1
1
1
118
103
131
141
1
1
126
136
142
1
127
148
120
1
1
1
133
148
148
1
1
1
138
124
112
141
151
136
135
133
114
1
1
1
1
140
145
1
118
1
1
105
1
1
102
111
37
115
1
1
138
94
1
145
114
1
131
146
1
86
135
1
111
1
1
118
1
1
140
1
118
123
1
1
146
151
136
1
1
1
1
1
1
120
1
132
1
1
1
140
1
122
48
1
145
1
1
80
1
141
1
1
1
140
1
1
1
1
1
1
78
1
145
1
1
1
151
1
1
115
130
1
1
102
1
1
134
1
1
1
1
146
1
1
1
142
142
1
1
142
1
113
1
1
1
140
132
1
1
1
126
88
1
137
136
1
1
1
140
109
144
131
88
107
124
89
1
138
1
1
143
1
1
1
141
126
134
125
1
1
1
1
1
121
1
1
119
1
1
1
1
36
124
1
142
132
79
141
1
1
1
1
117
1
149
1
1
1
137
132
1
1
1
1
1
112
1
146
123
119
139
106
1
144
1
1
1
99
144
1
144
1
1
1
115
116
31
1
136
141
1
1
140
1
145
118
1
1
142
1
1
1
1
129
134
1
108
151
142
1
147
1
1
147
1
1
1
87
141
1
132
1
1
1
140
123
116
149
124
111
1
1
1
75
1
115
142
1
113
141
1
119
1
60
115
124
1
1
1
1
1
143
1
1
1
1
1
1
1
1
136
1
133
1
1
1
1
148
1
1
122
1
1
1
1
1
1
149
128
1
147
1
116
1
1
1
1
1
1
143
124
1
79
1
126
26
146
1
1
137
1
139
144
1
1
1
1
1
97
1
147
1
131
1
1
1
128
1
1
143
149
1
87
1
1
139
1
1
1
1
89
1
133
26
1
136
129
1
1
1
1
136
1
121
145
1
1
1
142
128
1
1
1
124
139
138
1
1
79
147
1
137
1
1
150
119
131
1
1
139
1
57
144
132
27
1
149
1
150
1
117
136
1
129
135
80
135
1
53
141
1
1
146
66
1
1
1
1
134
1
146
144
112
1
1
1
1
135
1
121
125
1
123
28
142
132
139
1
94
1
1
1
135
1
70
130
1
1
1
1
140
1
120
136
1
1
63
1
1
140
103
1
141
147
1
78
138
1
1
105
1
1
1
128
131
146
1
1
1
1
125
1
1
138
85
1
1
137
137
1
134
108
128
1
1
128
1
1
110
83
130
140
124
1
1
1
116
140
107
145
1
1
146
114
1
1
1
124
126
141
1
1
1
1
1
135
1
114
1
1
97
1
122
1
109
1
1
144
99
1
1
1
1
1
1
119
1
129
1
133
141
122
1
1
71
1
1
1
1
142
106
138
1
1
149
132
114
1
134
1
60
1
1
1
1
140
136
124
1
1
1
79
130
138
149
1
140
144
1
120
82
73
1
123
1
115
107
1
1
1
130
1
1
1
131
114
138
132
1
137
101
1
1
1
148
113
1
119
117
140
1
1
117
1
133
93
131
144
1
140
1
147
122
150
148
139
140
80
94
134
145
91
1
94
110
1
93
145
1
1
150
142
139
135
138
1
1
1
125
1
1
85
1
1
1
145
147
1
127
107
1
137
1
71
1
131
1
1
132
1
1
140
127
1
1
112
112
145
1
1
1
1
1
145
1
1
1
142
1
1
1
1
1
1
89
1
1
134
1
142
1
142
132
137
1
1
132
1
147
150
1
1
1
1
105
97
1
1
1
121
1
1
1
149
95
116
1
1
1
1
90
120
1
1
105
143
1
1
146
147
148
107
149
1
124
1
132
121
1
123
143
1
146
113
145
1
139
135
111
105
1
134
1
144
1
139
1
148
1
145
1
1
1
1
122
136
119
102
1
95
1
1
1
1
1
151
1
1
140
143
115
128
1
1
1
1
1
120
119
1
1
119
1
134
144
143
96
144
1
82
1
1
1
25
136
1
123
138
1
141
114
136
106
148
1
85
1
127
1
1
140
1
1
99
148
1
1
141
132
123
1
53
134
108
1
141
1
148
1
140
113
1
130
82
105
140
1
1
1
137
1
139
1
133
1
149
112
137
138
94
1
1
127
128
1
1
1
1
1
93
85
124
118
142
1
124
137
113
1
127
127
111
143
1
1
1
75
95
1
141
99
1
1
106
1
1
125
1
115
124
133
132
147
140
136
137
134
128
148
137
149
115
147
109
29
103
136
106
144
142
1
1
1
1
1
56
1
1
1
121
105
143
118
1
1
1
1
112
112
119
1
105
1
64
89
1
143
142
1
136
1
1
1
113
1
117
1
80
1
137
136
1
136
148
1
1
1
131
1
1
1
143
138
1
1
1
118
118
1
1
1
128
80
92
135
1
1
1
1
1
146
1
141
1
1
142
1
146
80
132
116
90
128
1
134
145
94
1
100
1
1
145
146
128
1
1
1
62
1
146
140
1
1
1
1
111
1
130
139
1
1
1
1
115
1
1
1
1
130
1
129
1
1
150
142
137
1
132
1
1
146
145
135
128
138
140
1
148
134
147
126
1
1
123
1
136
145
130
114
1
1
131
126
1
129
139
43
141
115
1
134
1
142
121
1
1
1
1
147
1
63
1
1
1
127
126
124
1
90
1
137
128
1
83
122
1
98
144
1
1
142
123
106
143
1
122
1
1
145
128
1
1
140
1
1
139
140
1
147
117
1
1
1
137
1
131
1
130
1
132
1
1
148
147
1
1
68
145
1
1
1
1
57
1
70
1
1
145
120
140
1
144
1
122
1
1
151
128
144
1
1
1
1
1
146
125
146
1
1
128
1
140
143
1
1
124
1
1
1
143
137
130
139
1
1
1
1
133
1
142
133
1
1
137
127
1
1
137
136
68
113
1
1
135
1
1
1
128
124
145
1
106
1
1
1
1
138
1
1
1
1
1
1
139
105
1
1
1
1
1
130
1
1
1
1
1
1
134
1
1
128
144
146
143
1
1
1
1
121
1
94
122
1
1
130
1
1
1
1
1
1
1
1
1
1
1
124
144
123
129
123
1
134
113
1
1
1
144
1
1
149
146
1
1
1
129
144
132
1
137
1
1
108
1
1
64
142
1
1
120
1
1
148
128
139
1
117
1
1
1
1
141
1
140
68
140
141
101
133
1
138
132
1
1
100
133
107
1
135
126
149
1
127
1
1
147
1
1
1
1
1
113
135
1
1
126
1
126
1
92
113
1
1
1
100
1
136
1
140
130
1
128
1
121
118
147
1
86
1
126
1
1
1
1
130
140
1
131
1
1
126
84
1
1
1
65
140
1
103
1
114
1
1
1
1
104
146
1
140
114
120
128
1
144
121
123
1
144
1
1
117
150
1
1
1
105
133
127
1
113
1
1
103
1
137
1
1
138
1
1
125
1
128
139
1
139
116
118
138
88
99
136
119
1
1
1
93
1
1
1
126
131
1
1
1
134
82
1
102
1
137
1
1
104
1
141
146
106
108
1
137
1
1
118
26
1
1
108
1
1
1
142
1
1
147
133
114
1
130
133
103
1
113
131
142
1
143
140
132
1
1
1
137
1
37
143
143
1
1
1
1
119
1
136
1
59
144
1
1
110
1
128
140
1
95
1
149
1
1
1
1
1
130
1
140
147
139
115
116
148
114
136
148
147
1
142
146
1
1
1
100
1
1
1
1
127
1
1
80
1
1
1
1
148
131
140
135
1
123
1
125
108
105
1
1
135
1
1
134
137
147
1
1
1
105
132
1
1
1
120
141
1
146
1
1
1
1
1
1
116
99
1
134
1
147
97
1
1
113
130
1
1
128
1
1
90
120
1
1
144
1
1
1
142
144
139
110
112
1
1
1
111
146
1
1
1
1
1
119
130
125
130
137
1
1
1
1
1
1
128
113
152
1
146
135
1
1
1
1
1
131
1
1
118
30
1
1
1
1
112
1
138
1
1
133
121
1
1
125
125
1
115
1
1
141
112
1
1
1
1
1
123
144
1
141
141
147
1
1
65
135
141
139
147
1
1
1
1
1
1
1
128
1
1
134
143
145
131
1
143
151
1
1
1
127
1
65
1
105
1
1
1
96
130
82
70
1
1
1
101
127
128
1
135
142
117
132
136
133
133
1
139
65
1
48
142
1
1
94
123
1
1
137
1
1
1
25
1
128
135
1
140
93
139
1
1
1
1
123
1
1
1
1
1
92
117
141
1
1
1
105
1
1
114
1
1
142
1
1
138
116
149
1
146
1
1
1
1
118
1
70
1
136
140
1
132
1
147
99
144
1
128
130
1
1
146
111
110
116
1
104
1
1
1
148
146
107
126
1
58
1
99
1
1
1
