133
1
1
139
1
121
1
111
1
1
1
140
145
1
1
1
125
1
1
147
1
140
1
92
1
1
121
1
90
1
140
1
1
129
1
1
142
131
1
122
139
1
1
132
1
1
1
1
121
1
1
116
1
1
1
1
1
1
116
144
141
115
132
135
1
146
1
110
139
131
1
1
136
139
1
1
141
90
1
1
148
126
140
1
140
1
1
140
147
1
1
1
147
138
1
1
1
145
131
1
117
1
113
107
1
94
120
26
138
1
1
1
135
120
1
1
1
145
120
1
1
143
26
1
1
1
1
1
119
1
1
129
1
1
1
1
1
1
1
116
1
1
1
1
1
1
138
111
102
141
146
1
98
1
140
137
120
133
1
1
1
146
143
1
1
148
1
1
130
1
139
1
124
1
1
128
1
137
1
143
1
1
140
1
1
1
1
105
1
103
1
119
139
1
1
120
1
1
129
1
143
1
1
151
134
1
1
147
137
1
134
95
133
139
124
1
1
1
142
1
1
1
120
125
104
130
1
133
142
1
107
147
144
1
1
105
143
1
128
128
132
114
1
105
1
149
1
1
66
133
139
103
144
146
1
141
1
88
1
1
53
1
135
106
1
131
1
1
1
1
1
95
1
152
1
127
144
1
150
131
1
147
1
1
1
1
1
1
128
140
1
133
146
147
1
1
1
124
120
144
143
128
122
1
122
139
122
113
118
1
122
143
142
142
1
1
1
1
91
1
116
1
111
134
84
131
1
1
1
1
1
1
1
1
1
1
146
114
1
1
141
1
1
126
135
145
1
135
1
1
1
1
120
70
140
1
1
1
1
1
131
142
131
148
119
1
1
1
39
147
134
96
126
1
140
143
126
140
1
138
1
1
140
1
1
139
1
1
98
141
148
1
132
1
110
103
1
1
29
138
139
122
1
1
111
1
1
142
144
1
120
139
73
100
1
112
1
1
1
121
1
126
95
1
140
1
42
1
147
1
1
1
144
122
124
142
1
1
1
1
147
144
1
123
1
89
1
92
1
136
1
1
81
1
1
148
1
1
1
115
1
123
130
1
96
121
82
123
1
107
1
1
1
134
130
130
122
1
132
121
1
1
1
146
1
142
76
125
1
145
1
145
130
95
133
1
74
118
40
1
1
143
132
140
145
1
137
1
1
1
110
1
131
1
1
147
1
120
1
137
1
142
139
1
127
1
1
1
1
1
57
1
1
1
1
145
1
1
1
1
1
1
141
1
1
146
114
1
1
1
136
1
1
1
120
1
66
1
1
131
1
129
1
1
1
132
1
136
1
46
1
1
1
94
1
1
1
1
1
1
1
1
1
140
53
1
103
1
1
60
1
84
148
1
1
1
1
28
87
1
150
99
147
1
122
1
1
122
1
1
1
90
1
151
100
1
1
111
1
85
147
1
65
1
128
151
1
1
1
133
135
140
1
1
1
149
118
145
136
138
1
147
1
148
1
1
1
1
1
148
137
150
1
1
96
120
1
134
1
139
142
134
110
1
118
107
1
103
1
1
1
1
1
1
1
1
126
1
1
1
1
1
1
142
123
106
1
143
88
98
1
1
136
1
1
148
1
1
1
1
1
148
1
1
134
1
1
1
137
88
137
1
1
137
100
146
92
147
1
1
146
120
1
1
1
1
1
86
127
126
126
139
98
123
146
1
1
85
84
1
78
1
107
1
1
145
119
123
126
141
136
140
1
1
1
1
77
120
1
1
92
1
1
1
1
1
134
147
1
142
1
150
1
1
135
143
137
1
1
126
1
124
1
1
1
130
137
1
1
1
1
1
116
135
141
108
133
1
1
115
1
147
1
1
119
1
1
80
139
1
124
1
1
1
1
1
125
130
135
144
1
1
1
1
1
1
142
1
1
1
104
100
104
151
134
1
1
140
1
82
50
74
147
137
129
142
124
1
110
1
1
1
142
1
1
104
149
141
136
1
143
1
146
129
143
1
1
67
1
89
1
94
1
131
94
1
1
1
1
1
140
1
1
92
1
133
127
117
1
1
1
1
137
126
1
98
1
1
129
102
1
130
1
146
1
131
99
139
1
128
82
142
121
1
1
135
110
1
1
1
1
137
134
1
1
1
139
1
1
108
96
1
1
1
1
1
149
1
1
1
133
113
145
128
142
129
81
1
113
79
1
149
1
97
146
88
111
148
1
119
1
1
138
1
1
1
1
125
69
1
1
149
121
103
1
1
130
1
1
103
1
1
1
1
150
92
1
1
132
1
92
1
114
1
75
1
1
1
122
143
56
1
114
1
1
1
1
1
88
141
150
1
1
1
148
134
1
1
1
1
1
1
1
1
133
145
1
137
145
1
1
1
143
113
1
124
142
1
141
137
1
132
1
1
1
1
1
1
1
1
1
1
64
126
101
133
122
1
1
1
119
126
127
1
79
1
1
111
105
1
1
136
1
1
141
1
1
145
1
145
119
1
144
1
145
131
1
1
1
1
1
1
149
1
137
1
1
141
123
1
143
1
1
112
111
1
1
1
109
1
145
1
142
138
1
29
1
1
133
135
146
1
119
1
146
1
1
140
113
139
119
141
1
1
1
100
137
1
1
1
1
142
141
140
134
1
1
1
1
1
1
146
111
136
1
1
1
1
1
1
1
110
1
147
139
1
122
123
150
1
94
1
1
1
1
108
75
132
141
1
147
1
116
148
1
1
1
99
1
1
133
1
132
1
1
121
1
1
118
146
1
1
125
1
1
1
127
1
1
1
134
1
144
1
1
83
1
1
121
1
1
1
136
1
1
120
1
148
1
1
149
1
1
1
1
111
110
138
1
134
114
1
136
132
1
94
125
1
137
128
135
86
1
1
1
1
124
131
138
1
125
1
1
1
1
1
127
1
133
1
128
1
141
131
97
1
1
1
113
1
1
139
124
135
141
95
151
146
132
1
1
136
140
1
140
1
1
139
140
1
1
1
1
121
85
1
1
123
151
1
1
1
1
146
25
145
1
139
1
111
106
142
1
1
1
1
1
136
146
1
1
1
1
125
1
134
1
1
1
150
1
1
148
133
126
1
1
103
1
86
1
1
101
120
133
130
129
143
106
1
1
1
125
135
108
99
125
125
99
129
132
72
137
1
1
140
1
1
1
1
1
1
1
1
149
1
1
1
124
150
1
139
1
147
142
122
1
139
1
120
1
1
1
100
1
126
1
148
1
1
148
96
119
1
135
122
139
136
1
1
1
1
1
128
139
138
1
142
145
140
1
109
130
123
1
1
135
1
1
111
1
1
136
115
132
1
139
126
141
133
144
1
147
1
1
1
1
1
126
1
1
1
141
1
144
144
1
143
148
1
145
132
148
1
119
1
140
1
127
1
1
100
127
1
1
124
110
115
1
144
107
1
1
1
114
141
1
147
1
123
1
1
148
1
1
1
121
140
1
128
129
1
105
1
86
148
146
1
140
124
137
142
1
114
146
106
1
135
1
1
129
1
109
132
1
1
125
98
1
138
142
1
128
135
1
117
1
95
1
119
1
1
1
148
1
119
121
1
145
1
130
146
123
128
110
125
1
1
141
1
137
1
1
1
132
1
131
1
141
113
118
141
1
122
1
130
1
1
106
1
1
1
1
131
146
1
1
1
1
1
128
1
142
135
71
136
1
148
1
134
1
1
119
138
1
139
146
142
146
109
122
1
148
1
145
1
1
118
79
121
1
136
1
1
134
131
106
1
138
86
1
148
72
1
124
134
127
1
1
1
1
137
1
1
133
143
1
149
1
1
50
123
139
1
135
1
104
113
1
1
1
1
145
1
150
1
147
1
1
1
1
145
77
129
118
1
104
114
1
1
139
1
1
140
1
1
1
146
1
57
1
1
1
34
1
1
1
119
109
1
1
1
1
1
118
1
133
143
1
147
1
117
145
142
126
1
151
1
134
87
137
1
94
114
138
1
130
1
1
1
135
138
1
1
36
119
134
108
1
1
146
1
1
1
136
1
1
1
1
1
125
1
1
143
1
121
1
1
1
1
143
102
1
1
102
77
1
1
150
1
138
1
1
107
1
1
1
119
116
136
101
1
109
124
44
1
1
1
98
135
139
145
1
142
140
138
1
1
1
1
38
1
100
1
84
1
111
116
1
127
127
1
1
1
1
1
1
129
1
1
1
1
138
131
1
1
85
114
1
1
1
127
61
125
113
1
150
95
1
1
1
130
130
142
1
1
1
1
1
1
1
119
140
121
138
145
143
149
1
1
136
150
1
51
1
29
133
1
1
141
1
1
1
107
122
122
129
1
147
127
66
1
1
1
138
132
132
1
119
135
1
1
1
99
1
1
136
1
1
1
1
1
1
1
1
1
147
146
131
136
110
69
96
141
1
1
121
1
1
1
140
1
1
141
144
1
1
134
1
1
1
1
1
139
141
142
1
134
74
136
1
1
145
1
1
1
1
1
133
131
1
115
84
1
1
1
1
134
1
137
1
146
1
1
1
129
1
1
126
1
1
101
145
1
1
145
124
1
113
136
1
116
116
1
149
1
121
142
149
118
