145
146
153
163
148
155
148
159
148
150
160
163
143
151
154
151
153
156
155
150
152
146
156
163
137
155
155
149
141
153
163
154
157
153
168
146
152
154
153
155
156
152
143
153
153
149
157
153
154
171
154
161
165
157
156
152
164
160
151
148
146
155
151
159
154
154
148
147
145
155
158
142
158
155
147
148
149
160
150
155
157
149
156
151
158
151
150
147
152
145
150
146
151
156
147
145
156
144
157
151
162
155
160
150
156
149
147
143
152
152
154
160
164
151
157
153
151
154
160
157
146
148
143
151
153
166
156
150
148
151
158
157
155
146
154
151
161
165
148
149
141
160
163
155
145
150
154
152
167
151
153
150
154
143
148
152
149
148
152
150
161
151
144
148
156
151
151
157
150
151
152
155
154
150
155
136
158
153
140
154
149
148
154
152
150
151
150
161
148
157
154
150
153
149
152
157
164
155
157
164
150
165
154
152
152
158
156
173
149
158
154
154
149
169
152
147
164
152
150
153
161
157
151
153
151
147
159
155
152
152
164
179
151
153
153
159
144
154
163
153
153
160
152
161
150
153
145
151
156
155
151
166
162
154
151
151
147
152
151
153
143
164
154
149
140
156
156
160
150
156
147
149
154
146
154
151
153
156
150
150
154
166
160
154
159
150
155
157
153
147
171
164
151
158
151
167
153
152
147
150
148
145
151
141
155
148
156
148
152
148
158
156
139
152
152
159
152
150
159
159
146
157
154
147
152
161
158
157
151
158
145
163
151
148
150
162
170
146
158
155
153
154
163
145
156
151
151
158
155
156
144
145
153
159
148
143
153
155
152
151
154
149
147
154
153
158
147
149
151
155
156
151
158
159
151
151
160
155
149
144
156
149
156
155
161
155
155
144
159
141
144
151
151
150
152
156
158
154
165
151
148
148
147
163
154
158
164
158
146
152
154
162
156
144
155
147
162
158
154
180
153
150
152
157
142
153
158
163
156
156
152
158
145
147
153
153
164
156
151
152
144
148
162
167
155
160
155
164
156
151
162
149
156
141
152
148
161
155
150
150
149
157
159
156
153
153
164
142
151
156
152
160
158
149
151
147
160
150
157
157
147
151
155
153
150
145
143
159
157
150
162
149
153
153
152
154
145
163
169
149
145
160
156
151
150
139
153
151
153
143
151
150
163
159
142
152
164
153
151
150
154
152
146
141
142
150
146
159
145
146
138
153
149
156
156
149
152
151
164
156
163
148
156
150
154
151
148
153
152
147
166
155
146
149
151
159
155
155
177
152
153
154
149
149
150
146
155
154
156
151
159
147
141
152
154
149
168
159
154
153
144
153
153
151
144
148
148
156
146
154
157
155
153
152
149
152
171
152
148
148
158
156
156
157
152
166
161
155
151
152
150
153
156
154
156
152
146
142
150
154
168
162
162
158
164
148
161
146
156
151
154
154
152
146
155
153
154
146
158
162
159
152
149
145
146
149
160
164
152
166
145
151
152
146
148
160
158
149
168
148
149
162
148
149
152
155
151
152
150
154
157
156
154
165
153
147
147
158
170
152
161
149
151
153
157
150
148
143
158
158
143
159
157
156
151
151
156
155
161
148
164
146
153
151
152
149
155
140
153
160
157
146
145
156
152
150
150
155
155
154
152
163
157
154
154
150
151
147
150
154
154
149
149
155
158
160
143
156
164
150
147
151
144
150
147
154
149
159
140
154
170
150
151
160
172
163
162
165
149
156
158
154
157
149
155
149
160
150
154
149
153
144
152
159
157
164
155
154
161
148
152
158
150
159
162
147
145
155
154
160
155
159
164
152
156
155
146
168
142
153
150
149
150
162
151
157
161
149
157
147
154
153
151
154
164
152
145
158
160
158
151
165
152
155
161
155
146
152
155
157
153
145
158
155
137
151
150
154
162
154
152
166
153
149
157
159
147
139
140
149
159
155
149
152
163
155
147
155
151
155
155
159
153
151
161
153
152
144
162
159
167
149
159
152
158
158
161
153
151
157
133
152
156
147
146
154
157
151
154
151
152
162
166
162
155
156
154
144
150
151
150
151
159
150
148
168
156
152
148
156
156
165
156
148
167
154
149
164
150
148
150
164
149
152
149
161
162
159
142
151
156
147
149
153
151
156
152
157
157
157
147
147
142
139
169
157
157
151
158
155
149
156
151
149
152
154
154
147
155
148
159
153
173
158
147
148
163
163
143
168
159
140
161
155
148
167
149
152
150
153
146
155
155
157
154
159
149
156
157
155
150
159
147
152
158
157
154
153
151
157
159
156
170
153
157
144
148
165
150
146
157
159
143
163
159
153
149
149
152
154
154
153
164
144
150
158
149
147
148
159
156
147
151
160
147
148
147
156
167
155
153
150
162
156
157
155
165
149
155
157
152
147
151
157
161
154
158
153
150
149
150
153
152
150
155
153
147
149
146
145
151
155
149
152
146
149
161
158
156
152
152
168
156
151
166
153
149
157
150
148
152
147
147
152
153
146
147
142
157
159
155
150
146
159
148
151
150
156
154
156
156
155
148
155
153
150
153
144
152
150
166
154
159
136
148
155
149
154
160
162
168
157
156
158
146
147
152
163
143
171
160
145
152
149
155
151
153
141
139
149
147
155
148
150
153
155
151
154
152
157
150
149
152
150
149
154
151
157
153
158
149
157
150
150
150
148
149
155
157
157
160
149
154
153
155
156
171
153
154
150
150
154
145
152
152
148
162
155
151
155
156
146
157
166
155
163
148
151
145
150
154
153
149
157
157
142
147
153
153
160
155
151
154
161
150
148
152
141
156
162
149
150
155
145
158
175
164
149
156
155
160
147
154
152
157
152
156
159
149
151
157
152
151
150
167
164
148
149
149
156
160
147
157
156
150
148
151
141
143
147
166
149
153
151
145
156
154
163
170
152
160
149
149
158
147
147
162
165
170
153
153
163
154
153
156
153
150
155
154
150
147
154
148
150
141
156
145
155
158
140
154
149
153
151
152
159
152
153
155
150
151
171
149
147
156
172
153
154
146
142
152
149
151
147
155
145
159
144
152
153
146
156
148
155
144
147
135
146
146
156
159
158
156
149
165
152
168
150
154
162
151
146
155
157
147
149
169
152
156
140
141
157
152
156
166
156
153
161
152
143
149
148
166
149
152
165
156
156
157
154
165
155
151
154
152
152
146
148
150
143
146
161
155
152
148
159
148
149
150
164
160
154
159
156
151
148
145
167
149
156
161
160
166
148
156
153
153
163
153
152
155
149
147
156
159
150
149
153
159
145
148
148
157
159
150
154
146
159
151
154
151
152
147
153
151
149
159
157
155
149
154
153
157
154
155
162
152
164
155
155
152
156
148
154
159
159
153
156
156
153
148
153
153
168
155
149
139
151
139
151
159
162
154
149
143
163
145
160
160
159
158
154
172
153
145
143
148
165
152
147
150
152
150
154
153
156
155
150
159
152
150
163
150
154
150
155
154
155
160
158
155
159
153
153
152
144
161
147
158
146
146
153
147
145
158
159
149
151
149
151
151
152
146
160
151
150
158
160
152
147
149
150
161
165
144
158
149
143
151
147
158
155
151
153
155
163
158
146
152
152
163
145
149
152
163
149
153
156
153
151
146
158
157
154
168
151
151
169
145
157
153
168
157
139
158
135
154
154
155
155
157
158
145
164
151
151
154
150
157
149
153
156
148
158
153
162
163
142
147
157
144
150
161
142
145
160
149
149
142
149
152
151
150
144
150
161
162
147
153
150
149
158
150
154
151
147
163
148
159
146
163
147
154
167
151
160
152
162
148
150
159
153
157
156
151
161
151
143
149
152
152
164
140
154
156
143
147
148
147
151
155
158
158
147
148
144
148
165
152
152
143
178
157
154
150
150
150
149
156
158
143
155
153
162
152
153
149
152
147
153
168
142
163
153
155
149
156
144
163
149
151
154
162
151
155
160
146
152
149
166
156
146
145
157
156
146
152
154
149
152
154
153
155
158
152
152
157
150
150
157
158
146
156
153
151
153
162
159
151
155
152
158
145
165
143
142
151
153
148
152
147
152
147
147
156
152
151
154
151
150
151
149
154
156
156
149
148
170
137
140
154
158
150
156
151
149
137
165
172
146
145
153
154
147
146
155
160
150
153
139
158
158
165
153
159
151
156
148
156
156
148
151
151
154
154
158
150
153
154
164
157
158
159
152
159
153
145
161
152
152
152
153
158
148
159
158
151
158
148
154
153
146
163
157
163
156
153
149
162
145
156
152
146
156
157
151
147
155
146
164
160
146
153
148
166
143
154
148
153
163
147
151
144
155
154
153
136
157
154
159
154
157
150
166
157
152
148
150
150
155
155
159
150
151
152
167
150
148
158
160
168
163
153
152
140
173
156
158
140
149
154
147
149
156
157
154
155
167
153
170
166
163
159
154
149
144
146
151
147
155
144
157
148
154
156
148
149
155
153
155
148
155
162
149
148
149
151
152
154
152
147
150
154
157
153
145
154
144
146
151
150
162
135
155
146
155
149
150
156
152
152
148
153
150
160
151
162
151
157
151
