158
151
166
147
156
144
149
156
148
156
147
157
151
153
152
154
151
150
154
152
152
156
150
155
151
153
154
150
154
150
150
146
161
148
151
155
160
152
158
152
151
152
151
163
156
144
152
147
132
153
151
158
157
144
160
155
140
156
148
151
144
148
157
153
147
157
158
156
156
148
137
152
150
154
156
146
152
155
151
151
155
154
155
163
155
152
154
154
148
151
149
146
152
168
160
157
153
146
152
154
155
154
157
159
154
153
144
161
154
150
149
159
151
151
158
161
160
150
144
154
154
151
153
150
159
149
160
162
150
154
155
150
158
151
149
151
151
151
152
151
166
156
144
152
153
154
149
151
151
146
156
163
151
150
150
146
150
153
157
150
151
149
165
170
150
149
146
141
159
150
154
154
150
158
150
154
152
147
147
143
150
151
151
150
152
149
144
147
157
158
153
149
153
152
155
146
155
154
149
156
153
155
145
162
156
156
157
159
153
164
145
153
173
154
156
156
143
168
157
151
159
155
151
150
154
158
137
152
159
154
150
148
145
159
152
143
152
142
156
162
155
152
159
151
153
155
146
153
150
153
157
150
146
144
155
146
161
158
151
147
157
156
150
152
153
149
156
154
168
158
150
142
148
153
146
150
155
151
155
158
160
152
146
145
163
162
153
160
152
154
151
143
149
152
148
149
157
153
163
153
156
159
163
157
157
166
162
155
158
154
170
148
152
151
147
154
142
153
164
156
147
146
150
153
158
146
153
149
152
161
148
159
154
152
159
150
147
152
163
142
148
152
150
154
139
158
149
153
153
158
141
158
156
163
139
160
156
151
162
159
157
157
153
150
141
149
146
153
161
145
147
157
150
152
153
154
177
147
157
153
149
150
145
157
158
139
154
145
159
150
165
159
151
154
154
142
161
147
163
144
149
171
166
157
146
152
151
148
154
149
159
171
164
155
150
149
142
152
151
157
170
149
152
151
163
156
169
150
145
149
158
148
148
158
145
151
152
159
149
149
149
149
154
143
161
143
166
150
156
152
156
158
172
145
161
152
164
155
150
154
161
150
147
150
168
155
158
155
139
154
149
156
151
157
148
148
153
151
161
149
169
152
161
161
148
156
155
155
151
152
154
152
158
158
155
148
146
158
156
153
146
149
143
162
159
152
149
160
148
153
157
150
157
157
148
147
148
152
159
156
148
153
157
156
152
146
148
160
154
154
153
154
156
160
154
160
152
157
151
147
163
151
152
153
150
142
151
155
162
158
150
150
152
145
152
161
149
149
159
143
139
147
158
152
153
145
154
168
158
156
159
152
150
148
146
154
151
160
153
152
152
143
162
152
140
153
146
152
165
157
147
156
148
157
159
150
164
153
150
154
151
153
150
154
158
145
140
152
147
145
151
155
154
154
160
154
156
155
154
151
150
144
162
159
156
153
153
162
166
150
154
148
150
147
149
176
146
167
150
157
158
149
152
154
151
148
154
142
154
146
154
143
155
149
163
155
154
163
153
145
153
153
155
149
154
150
155
149
154
156
159
162
155
161
156
157
152
150
148
152
150
147
149
159
142
149
154
157
164
149
150
147
153
145
151
147
153
154
157
149
144
156
162
157
155
152
160
149
153
166
155
147
157
159
149
156
148
159
153
156
171
153
151
149
153
156
143
158
159
158
142
167
150
149
152
154
148
150
156
147
161
146
156
146
152
155
152
154
136
145
147
147
157
151
139
160
157
159
157
149
157
149
153
155
148
150
177
148
154
149
149
148
152
159
156
155
148
155
154
158
162
151
153
147
159
149
143
153
152
153
167
164
151
144
158
157
155
152
151
156
148
140
152
148
155
150
161
151
156
149
150
154
155
157
145
150
147
169
153
152
153
157
153
152
154
149
161
165
162
146
134
154
154
155
148
155
151
160
153
153
152
157
147
162
152
149
151
156
153
150
157
157
151
149
149
155
154
158
163
148
147
143
155
163
152
156
156
154
150
162
154
151
155
145
150
159
151
151
165
161
154
149
153
149
159
154
154
154
162
153
165
155
153
154
160
160
160
152
161
153
141
144
139
150
154
156
163
152
155
153
141
157
156
155
150
168
171
155
144
156
150
154
154
158
158
149
156
152
154
154
150
159
152
148
154
152
171
155
158
154
153
146
150
158
160
150
143
155
152
156
153
141
144
149
155
156
155
155
157
151
156
149
151
139
164
150
151
144
166
153
158
152
151
150
146
155
155
147
153
148
162
172
164
152
150
145
167
159
152
152
155
154
147
150
158
165
154
162
153
141
158
153
153
149
143
155
150
153
158
164
166
151
151
149
154
151
151
149
153
157
160
162
150
154
159
147
157
154
153
160
152
153
151
147
150
150
154
155
155
152
163
145
150
153
152
155
149
155
151
149
154
147
144
142
147
155
156
176
158
142
152
149
157
155
152
146
155
150
148
149
154
158
154
155
149
145
174
153
148
151
161
147
150
149
150
155
159
155
151
151
152
147
148
141
146
162
149
157
162
159
157
155
155
175
150
144
155
160
146
150
160
156
148
150
160
174
154
163
145
152
149
142
163
159
150
154
158
165
163
149
155
145
143
149
141
159
154
152
150
150
153
160
152
149
152
154
155
145
156
158
150
163
154
159
158
151
153
152
158
156
145
154
151
145
151
146
156
157
150
161
149
155
163
149
162
153
152
151
162
157
156
151
157
159
158
155
137
163
153
156
153
157
151
148
162
155
148
151
170
150
153
166
153
148
152
146
156
153
146
153
155
160
148
155
154
158
155
156
150
148
155
153
162
150
154
155
158
151
165
167
155
149
145
142
157
145
144
163
162
151
146
140
150
155
155
159
157
162
156
155
162
166
157
154
164
154
161
164
158
161
147
159
154
145
153
148
153
158
154
139
146
157
154
161
149
151
155
148
152
153
156
157
141
152
142
155
148
150
149
166
153
158
143
157
158
162
143
153
151
150
143
152
152
144
140
155
142
148
155
154
156
153
151
158
150
156
154
152
157
157
148
146
143
152
148
159
151
150
152
149
147
156
158
154
147
149
153
148
164
151
155
147
154
152
153
151
153
152
148
148
150
163
155
150
151
152
146
151
160
157
148
156
154
153
145
158
162
148
153
149
152
152
150
154
149
169
148
149
149
163
154
153
150
154
167
145
153
148
157
150
144
151
153
158
153
152
151
160
151
162
157
138
148
157
154
153
160
149
150
147
150
155
155
155
148
178
142
148
154
146
166
150
152
153
159
154
147
156
164
158
149
149
140
149
157
153
154
149
155
158
166
162
151
153
151
150
170
140
148
161
148
153
157
151
156
152
155
140
148
155
153
143
150
157
155
161
151
156
149
151
155
149
139
141
145
159
156
155
148
155
157
148
153
159
151
167
155
155
156
148
163
147
147
155
153
156
153
159
160
154
158
152
160
153
160
156
153
155
150
158
161
162
149
158
150
160
163
149
156
147
157
154
165
147
154
170
148
151
148
151
151
155
146
149
146
155
151
157
160
160
159
144
155
157
152
154
144
147
147
152
155
156
156
153
160
157
152
155
164
152
152
146
147
152
175
150
149
157
141
152
150
146
137
167
152
153
145
150
152
157
170
151
154
156
151
159
146
164
151
153
149
149
152
161
157
152
155
143
154
154
159
156
163
155
145
164
147
154
145
154
148
156
154
153
158
152
159
153
155
151
146
155
152
150
144
134
156
155
150
147
144
156
153
151
151
148
161
151
158
153
153
147
145
150
148
155
148
159
157
150
159
143
154
153
157
148
143
153
167
156
154
154
151
153
159
148
151
164
148
155
145
156
148
151
163
151
160
155
152
169
156
153
150
150
147
150
149
151
150
148
153
147
152
147
156
158
148
143
162
141
149
152
156
156
154
149
154
150
153
151
150
154
157
148
158
159
152
140
145
150
159
154
144
159
153
156
156
153
165
152
169
157
163
146
160
153
159
155
160
161
158
151
160
146
161
150
156
160
148
154
152
143
161
144
156
155
158
156
147
165
155
151
150
164
155
151
151
151
161
151
149
156
147
150
154
149
153
155
143
156
147
163
148
139
157
138
153
150
150
157
153
153
165
159
153
146
147
164
152
156
154
167
166
147
153
159
151
148
161
151
150
150
146
156
155
150
162
149
153
145
143
166
144
174
143
153
153
154
154
166
157
170
160
151
148
150
152
163
152
158
147
144
149
149
151
156
160
150
154
158
154
175
157
159
139
153
156
149
145
155
154
157
152
151
155
154
154
148
150
147
149
154
160
156
152
152
151
158
157
158
160
149
156
154
164
142
151
158
157
161
161
148
148
148
146
152
158
154
154
154
152
142
152
158
155
156
151
150
152
150
179
143
140
167
150
153
155
150
157
159
152
150
152
152
161
151
154
155
144
157
159
153
148
151
163
147
155
150
151
152
152
152
161
151
149
161
156
158
151
162
151
156
152
155
156
153
155
157
150
148
154
154
151
168
161
142
156
166
145
150
151
148
156
144
149
153
148
161
153
146
151
152
150
152
155
157
155
169
135
154
162
156
152
152
150
158
149
169
166
160
