156
148
148
152
151
156
153
163
154
151
157
155
150
154
154
153
163
147
150
151
158
153
156
154
159
154
171
156
148
146
155
155
151
149
155
169
141
154
165
159
144
161
158
161
160
160
144
153
155
166
162
155
151
156
164
160
150
156
161
143
154
147
151
168
152
161
152
146
154
163
149
153
149
155
147
155
159
149
155
170
147
148
148
164
150
155
152
146
150
153
160
153
154
158
161
147
154
153
151
153
148
151
159
157
148
147
150
149
155
148
151
156
155
149
148
163
165
149
151
155
152
156
150
145
155
152
158
158
159
151
152
157
157
153
154
160
149
148
154
151
139
166
155
156
156
149
156
156
171
152
148
150
152
150
153
152
158
152
153
160
159
158
153
156
153
149
147
154
143
152
153
164
153
156
161
148
147
149
154
152
155
150
163
164
153
164
152
151
153
158
152
147
152
152
165
153
149
158
161
155
149
162
147
141
163
155
144
153
150
149
149
152
151
150
150
156
142
149
146
171
153
152
153
148
155
149
160
155
146
154
157
147
148
149
155
153
171
153
145
153
159
150
150
155
152
155
168
150
155
170
150
155
147
158
154
140
159
170
155
162
150
164
160
148
161
155
157
162
160
157
151
146
147
159
153
151
156
172
155
156
144
150
150
154
155
153
155
154
148
150
167
158
155
155
146
148
150
148
155
150
153
148
152
156
147
161
153
156
152
158
146
143
153
154
149
155
156
163
157
154
159
151
161
157
158
151
137
147
157
149
159
154
152
151
159
153
152
151
152
152
155
146
144
157
156
153
151
150
155
153
175
149
171
148
162
152
152
155
150
159
164
169
152
152
148
155
152
156
152
157
146
148
143
172
155
156
147
165
148
148
156
153
152
161
153
155
159
162
158
162
149
150
152
147
151
154
150
148
148
152
160
155
151
161
150
156
147
153
153
147
146
150
160
163
159
155
138
150
155
153
157
152
161
152
156
159
153
153
149
154
155
155
154
153
151
155
145
140
155
151
153
153
153
158
158
166
153
142
167
151
164
147
157
153
148
148
157
153
147
155
154
154
156
165
148
146
154
162
149
151
154
154
152
154
154
154
154
152
154
150
153
158
153
153
162
160
148
150
158
161
160
143
153
158
148
156
154
143
154
169
157
137
154
156
153
160
162
153
144
148
150
159
154
150
156
148
168
150
152
147
151
147
149
151
151
153
147
159
152
155
157
162
147
154
149
151
161
159
146
152
160
153
147
159
148
145
161
160
152
161
157
151
147
150
148
162
155
146
155
153
140
154
154
158
159
145
167
157
148
147
150
144
149
156
156
159
157
155
158
145
155
157
153
159
157
148
158
148
155
155
152
156
152
152
156
153
154
151
155
153
156
147
140
157
156
154
145
143
162
157
145
152
163
149
146
149
149
152
149
155
165
155
151
153
163
152
158
156
157
151
167
155
159
153
158
152
148
160
143
161
160
149
153
157
144
152
152
144
150
159
142
140
158
152
160
152
150
179
157
158
155
161
159
158
142
149
154
153
158
156
148
164
150
151
154
155
155
151
157
153
147
153
157
153
148
160
146
151
148
158
157
141
137
149
161
136
154
152
150
148
168
154
153
159
167
161
144
154
138
149
153
144
147
151
141
154
152
154
150
162
148
150
154
156
160
175
157
143
146
159
154
152
149
155
151
148
152
161
155
161
152
165
172
152
151
157
159
157
172
157
159
155
170
159
160
156
152
152
148
155
154
152
152
153
155
157
153
147
163
158
154
154
152
157
150
153
151
154
157
154
153
157
152
162
153
151
161
156
151
141
145
153
166
146
152
156
154
144
148
156
151
150
159
162
144
155
154
153
154
146
153
152
156
153
159
152
161
156
160
152
153
149
147
154
157
154
161
155
149
143
161
162
161
149
151
146
163
144
151
153
150
155
157
155
151
151
160
159
159
152
158
156
154
170
157
159
153
162
163
135
153
163
152
158
166
162
150
146
152
143
157
155
167
151
154
149
158
162
162
164
160
152
155
159
160
150
157
150
152
151
168
150
145
152
156
151
141
152
170
143
134
150
137
163
150
148
157
161
155
166
142
140
154
153
156
158
148
170
157
165
153
163
149
163
153
157
158
155
145
141
151
152
154
150
152
151
148
157
153
155
150
162
160
156
148
156
154
150
153
148
154
163
152
146
156
173
155
159
137
149
163
158
150
154
150
149
149
156
148
152
151
149
155
158
154
151
151
167
149
156
158
153
140
153
161
153
150
149
153
155
156
155
149
162
154
159
160
157
148
143
155
143
150
162
160
153
152
164
158
154
146
156
159
149
154
156
152
148
162
155
148
152
157
160
156
152
150
144
162
160
159
165
155
149
165
154
155
153
148
150
144
154
157
156
160
164
144
155
151
149
149
160
146
162
148
151
155
164
150
148
156
156
154
162
149
167
151
153
149
157
147
155
154
156
139
155
165
165
150
151
153
165
172
153
152
154
162
150
150
156
159
150
159
162
158
153
156
154
147
155
155
154
149
148
149
149
154
155
153
154
155
157
152
153
145
169
159
155
152
156
152
152
147
147
153
148
154
147
154
153
148
150
150
153
156
141
158
157
154
157
154
148
147
152
160
159
152
155
153
155
148
152
177
159
142
146
153
162
149
147
145
158
159
157
161
159
161
155
145
127
156
150
154
153
149
154
154
158
143
151
155
153
160
154
161
168
166
154
156
157
158
152
151
155
142
154
161
157
158
153
153
161
154
141
158
155
155
159
152
159
162
151
159
156
164
151
157
159
157
149
159
156
157
154
150
151
150
155
155
157
152
153
151
145
160
158
153
150
153
153
153
151
158
147
152
153
149
159
145
163
151
157
148
160
155
164
160
150
158
158
151
157
143
154
150
166
154
157
165
153
157
157
143
153
158
152
159
151
152
156
160
162
154
150
146
147
145
166
159
156
153
149
152
149
139
150
157
150
155
151
146
163
154
145
151
145
158
154
154
147
154
157
159
151
152
141
147
158
151
160
161
151
149
152
141
152
150
159
149
152
150
163
160
158
152
151
141
152
160
151
155
155
153
142
152
151
155
153
150
155
143
156
154
156
157
158
150
149
163
149
145
138
153
145
163
171
152
156
170
159
147
152
146
145
153
147
158
147
160
145
160
152
164
157
154
150
156
167
158
155
151
143
160
157
152
154
159
164
157
149
160
154
154
153
157
153
154
157
151
160
167
155
160
151
158
150
153
148
152
168
155
153
156
160
151
155
161
154
153
154
151
152
149
160
153
149
166
155
152
160
157
162
150
144
150
152
157
151
150
165
155
159
144
156
154
162
164
161
157
150
159
161
150
152
148
150
164
161
154
154
152
157
150
150
155
160
146
150
152
158
150
160
152
159
157
153
145
145
149
159
148
157
148
163
159
150
158
152
148
153
153
155
142
143
147
156
148
168
160
153
150
152
159
171
148
145
157
149
140
136
151
157
151
159
147
156
147
152
149
147
158
150
166
141
152
147
157
162
146
154
155
157
161
152
150
157
158
158
152
151
152
147
152
153
148
153
160
156
152
149
162
160
143
153
150
137
152
152
150
168
156
150
163
148
161
151
154
159
149
142
153
149
150
155
150
153
159
150
157
151
158
155
147
171
151
146
145
157
155
153
146
152
143
163
156
164
139
156
162
149
139
159
159
149
152
162
153
150
160
146
148
152
147
163
157
146
153
139
147
152
159
159
149
154
146
147
161
147
163
154
158
142
142
156
157
160
151
142
161
152
151
147
155
155
154
154
138
151
145
151
147
157
150
159
155
154
147
147
146
148
156
151
154
156
153
153
162
152
155
153
152
148
146
158
151
152
148
161
157
158
152
156
150
146
158
149
152
165
149
149
153
156
143
159
148
162
161
154
152
150
155
176
148
157
147
154
152
149
154
151
153
155
145
147
156
149
146
150
147
143
147
152
167
155
153
141
148
155
153
153
164
147
153
153
151
155
146
153
148
151
159
140
156
156
156
150
154
152
150
153
159
152
157
152
167
162
154
150
153
151
153
150
155
150
153
150
155
154
150
155
152
149
154
157
151
154
145
146
164
159
160
150
157
170
149
148
153
148
159
151
148
157
138
159
154
154
151
150
150
158
156
156
148
159
161
149
149
138
155
161
159
155
153
152
147
154
150
148
152
149
158
146
154
146
150
150
158
156
153
152
143
151
152
151
147
174
158
160
141
152
150
158
151
145
151
152
159
154
151
155
153
137
148
154
158
145
158
169
154
155
155
149
151
163
161
172
160
154
156
148
156
147
147
156
162
148
151
151
152
157
153
157
149
151
164
156
152
148
148
155
144
144
150
151
155
162
163
150
151
151
154
136
148
152
155
154
144
139
154
151
154
148
152
152
159
151
150
149
153
153
153
156
149
155
156
157
149
145
153
152
166
153
149
141
160
160
155
153
161
168
159
141
149
155
157
160
154
147
151
149
154
153
160
150
145
148
145
155
147
142
146
158
155
158
152
157
163
159
153
161
155
149
155
153
148
158
164
149
157
149
154
154
145
151
162
151
153
147
155
165
