150
160
149
158
160
158
158
164
152
141
153
149
157
155
144
160
168
149
149
154
154
149
164
157
150
158
154
150
162
148
157
166
147
159
168
156
153
156
158
153
148
161
154
151
155
150
155
154
156
168
150
155
154
152
152
149
151
149
160
159
152
163
147
155
154
150
153
150
149
169
141
151
139
155
160
159
150
163
153
153
143
157
149
150
164
152
142
154
152
159
160
153
153
153
156
144
150
163
154
156
152
151
148
165
151
154
150
155
146
155
161
152
157
154
148
158
154
155
154
154
156
149
163
150
152
151
173
150
150
153
172
149
152
143
142
154
158
153
152
154
150
149
173
153
163
171
155
155
142
151
161
149
166
154
153
140
152
141
152
151
170
152
150
157
157
171
148
156
160
151
151
153
145
147
155
153
152
141
155
156
149
150
160
161
149
138
152
136
152
152
157
154
155
157
149
154
160
149
148
156
158
156
153
150
143
158
159
146
152
154
166
152
159
150
156
161
159
164
159
158
157
149
150
152
154
152
163
159
155
146
160
145
153
155
156
157
151
150
160
155
164
152
157
154
152
158
161
154
157
152
151
145
154
155
152
143
152
147
153
154
154
157
163
158
154
155
152
142
153
147
155
150
149
153
160
146
149
143
155
153
154
166
151
148
164
156
161
154
153
151
154
153
147
144
156
147
158
154
150
152
155
149
146
151
160
152
149
153
152
155
148
155
154
149
151
163
148
145
148
149
152
161
153
140
152
156
151
146
157
155
151
159
161
156
139
155
142
161
139
155
161
150
154
166
151
152
160
161
151
147
157
151
153
160
150
150
158
165
157
149
153
159
152
145
153
148
150
153
159
150
147
153
157
154
156
146
156
171
152
150
152
156
155
172
156
155
155
160
165
156
165
149
153
153
154
161
157
157
153
165
147
153
149
156
156
153
148
156
157
147
152
156
162
152
153
153
147
155
149
158
160
155
149
151
152
151
151
162
156
143
154
137
145
144
152
145
152
156
152
152
153
164
146
164
161
153
143
157
152
151
146
144
150
153
149
147
162
154
171
154
160
154
160
154
145
148
151
145
156
150
157
143
159
147
154
158
148
145
152
154
157
149
158
154
152
153
147
152
162
162
152
159
159
149
154
149
142
155
148
149
152
163
162
158
148
145
152
161
147
160
140
152
154
155
144
159
165
140
149
151
150
154
152
154
157
147
143
155
151
164
158
150
156
157
153
154
159
151
159
159
151
150
153
157
156
164
151
152
157
153
157
163
164
155
152
147
155
149
155
161
158
150
163
151
153
146
166
151
154
158
155
148
150
143
153
149
159
151
149
158
151
153
157
144
156
153
153
143
158
162
152
169
152
154
150
148
147
152
166
147
151
159
164
149
144
155
151
154
156
151
150
158
155
152
154
154
157
155
154
148
165
156
151
152
165
155
157
160
146
175
153
153
141
169
154
154
137
150
149
154
145
150
151
157
154
145
148
154
155
152
140
154
153
140
147
142
153
161
146
149
148
144
156
151
148
152
152
153
160
149
151
151
137
152
148
141
155
143
158
141
149
154
154
152
151
158
151
159
165
154
155
152
151
158
139
153
151
159
159
177
151
144
156
150
153
159
157
163
160
153
150
152
164
144
146
134
157
154
147
158
147
154
151
154
154
152
158
162
157
156
154
151
147
148
147
154
156
154
154
153
149
157
157
149
152
152
142
151
147
154
162
151
149
153
164
147
159
143
146
146
155
148
150
158
153
154
159
152
144
163
153
150
158
150
149
155
155
153
151
149
146
158
151
152
148
153
156
157
153
161
142
152
153
152
150
160
139
162
147
157
158
154
152
151
158
145
148
158
138
154
161
147
151
149
143
166
152
135
163
152
147
145
154
152
152
147
155
157
149
153
145
152
152
139
159
149
157
150
146
149
153
154
146
140
171
157
157
155
156
153
166
154
159
150
145
160
150
153
155
145
162
160
159
155
149
159
153
153
157
154
151
152
155
159
156
155
150
147
152
164
162
154
161
143
158
156
160
149
148
156
157
149
152
158
158
155
160
150
152
147
173
146
162
151
151
159
159
152
138
139
151
149
157
147
149
157
149
152
163
146
164
162
156
157
155
155
155
149
148
152
153
150
157
159
155
150
150
146
164
153
148
159
139
152
147
145
159
149
154
150
155
154
157
151
146
160
151
154
156
143
151
149
153
152
153
149
147
152
150
155
145
152
153
143
147
151
153
149
152
153
162
152
163
163
147
158
150
144
153
153
156
165
152
160
160
151
151
155
165
155
144
160
151
149
142
142
145
159
154
149
150
155
151
157
163
158
153
161
153
154
149
160
152
154
161
158
148
160
158
154
154
159
143
149
152
152
154
152
146
166
142
163
163
154
145
145
148
152
153
148
158
149
151
150
159
156
153
152
145
155
152
150
159
146
150
148
167
153
151
149
150
164
156
154
156
154
156
167
153
154
156
155
154
152
165
160
154
158
143
157
151
163
150
156
154
154
177
154
149
156
160
151
157
149
163
136
151
166
155
147
154
149
150
156
155
143
154
158
152
137
153
148
153
158
145
153
157
164
156
156
143
148
150
155
162
153
154
152
155
155
151
149
155
141
153
159
153
152
151
154
150
152
160
147
152
152
164
163
150
150
155
149
150
151
153
159
159
158
147
164
156
150
149
154
163
153
146
154
154
153
161
150
147
150
136
146
154
144
149
155
152
151
157
147
154
161
147
158
160
154
158
155
147
146
144
150
154
153
151
162
144
156
153
151
150
140
157
150
166
158
152
158
149
162
170
152
147
154
156
155
156
154
149
148
152
156
153
155
158
150
155
153
152
161
153
155
160
154
155
154
149
162
159
154
154
163
154
158
154
145
154
149
162
169
153
153
144
151
155
154
155
151
155
156
154
154
156
151
155
156
145
153
151
154
144
155
166
148
157
156
156
151
150
160
157
154
151
156
148
149
149
158
156
152
149
152
152
156
152
141
161
154
159
152
152
154
148
158
166
149
154
160
153
150
153
154
151
141
155
158
157
149
165
144
152
153
151
164
150
154
150
154
152
159
159
155
151
162
152
158
148
150
150
149
153
155
155
158
149
157
158
163
148
155
151
155
144
152
149
159
149
148
149
169
145
153
157
166
153
147
151
148
156
160
164
157
156
149
153
157
154
157
167
158
146
162
151
147
165
152
148
158
157
150
147
150
160
153
138
152
145
140
152
146
148
150
147
147
154
164
149
144
156
147
154
149
152
158
149
149
150
157
155
154
163
157
151
147
158
152
156
155
156
148
146
145
162
152
153
155
152
158
148
165
174
160
152
154
159
151
147
150
150
157
159
139
151
148
162
146
155
152
153
153
147
152
160
170
158
153
170
163
154
151
152
155
173
152
163
151
156
157
157
163
149
150
151
155
151
155
153
148
164
154
157
150
153
151
152
145
153
146
150
147
158
149
154
157
156
149
151
150
153
150
159
150
154
150
154
153
156
150
155
141
165
154
163
162
154
153
156
163
147
154
151
149
154
152
155
151
158
149
146
155
161
157
141
156
152
154
158
149
155
150
154
150
164
156
154
155
153
146
147
152
153
141
152
150
160
158
151
156
160
147
156
154
158
145
162
148
160
151
146
155
158
164
152
155
151
152
155
149
157
145
161
161
154
150
154
155
143
154
151
150
158
147
151
153
147
146
147
150
148
152
151
155
150
158
145
140
160
155
161
153
164
155
152
158
147
163
147
153
151
158
152
151
151
161
149
166
155
136
148
161
150
156
156
155
155
149
151
151
149
154
164
147
145
155
162
136
153
152
138
159
147
154
155
150
150
148
154
153
161
151
145
152
152
151
171
154
148
153
154
149
150
153
154
148
160
161
155
164
147
150
146
149
158
152
156
153
153
154
152
158
168
158
155
168
156
135
146
155
152
159
158
157
153
150
151
152
150
144
144
152
150
153
160
160
148
154
151
161
151
149
150
155
158
158
148
149
150
148
146
159
163
146
156
149
156
153
150
155
146
148
158
147
154
157
153
157
154
154
151
157
152
166
145
149
161
153
152
150
161
148
146
152
148
146
154
159
152
155
157
151
152
155
150
154
139
159
154
156
153
148
152
154
152
145
169
154
156
153
155
150
152
154
152
159
151
149
153
152
155
151
146
151
146
148
152
155
148
153
155
150
152
146
145
148
160
157
161
163
150
146
150
153
153
155
157
151
161
155
151
153
153
153
154
154
149
158
145
150
151
155
153
162
159
165
146
148
148
151
151
164
151
138
155
148
150
151
148
153
152
152
161
160
153
157
149
157
153
155
156
154
155
158
145
159
157
153
154
155
151
157
153
150
157
150
157
150
152
150
155
150
157
161
156
156
154
154
156
155
151
144
157
153
165
154
156
151
148
143
151
157
162
146
154
154
140
156
141
154
156
155
172
145
158
156
156
147
158
151
156
148
155
159
151
162
158
151
154
153
155
154
154
149
156
158
143
153
151
151
141
153
153
147
150
151
156
156
154
162
147
153
152
157
150
152
154
155
143
151
157
156
159
161
150
152
144
146
