161
148
153
159
156
152
162
160
152
153
155
152
157
152
152
148
157
154
161
158
149
155
154
162
151
148
161
148
156
151
156
142
155
152
145
155
162
152
153
149
164
154
155
149
136
148
154
162
160
159
152
147
150
151
161
153
149
150
158
146
149
151
153
155
163
152
148
167
153
161
147
149
154
161
152
162
152
152
155
157
148
158
144
150
161
154
148
157
148
153
150
150
158
157
150
151
164
152
145
148
146
153
157
157
139
153
148
154
151
148
155
151
155
143
162
154
155
151
140
158
153
156
161
167
154
165
155
151
149
168
156
170
149
153
157
164
145
160
157
151
153
148
165
143
151
154
152
145
159
158
148
162
152
159
153
158
153
157
154
149
160
149
151
159
149
157
155
154
153
160
154
148
142
160
151
144
157
149
157
146
138
166
154
152
160
154
150
169
151
161
166
150
158
152
149
147
143
155
145
155
155
142
155
148
156
151
147
147
150
154
146
174
155
156
152
156
151
145
144
150
157
157
150
152
159
147
154
160
146
155
155
153
146
149
154
155
157
145
154
147
145
153
148
147
148
154
148
149
155
150
155
156
148
151
159
151
152
153
155
151
156
156
154
149
148
155
154
164
153
156
150
152
145
163
151
155
159
158
150
149
144
150
152
148
149
148
145
150
147
137
151
164
158
151
152
161
155
149
161
152
152
152
156
158
150
154
151
166
149
162
153
155
157
152
164
154
163
153
149
163
154
154
151
158
155
156
154
155
152
156
152
149
151
156
152
152
152
151
142
150
156
150
156
153
157
156
150
155
150
156
153
159
143
158
153
150
157
153
142
164
156
163
168
155
153
149
154
151
145
164
155
161
150
154
166
148
156
150
158
151
158
142
161
157
153
155
154
146
162
152
157
148
151
152
150
155
139
153
149
155
152
156
151
147
146
157
159
149
155
148
145
150
151
151
149
155
149
151
147
152
160
150
162
146
152
147
160
158
151
165
164
154
153
165
152
150
146
146
154
162
157
153
150
156
151
145
161
157
149
157
149
153
151
165
158
158
151
138
153
154
148
163
148
154
144
158
155
170
150
150
149
162
154
160
158
156
152
152
152
149
147
156
156
153
151
152
156
152
150
141
165
145
153
150
169
155
158
155
147
148
149
152
149
155
161
144
161
157
152
159
152
152
155
143
156
165
161
166
160
161
154
149
154
137
158
153
151
145
164
149
149
153
159
148
156
149
160
153
142
156
144
151
148
155
152
149
158
158
160
155
158
153
150
151
157
153
154
159
157
173
147
157
141
156
152
162
151
159
141
154
155
158
156
160
139
151
155
154
158
155
167
157
158
146
147
165
156
162
160
157
144
148
153
142
149
154
165
147
155
158
160
155
139
153
152
152
155
150
149
151
156
149
154
149
161
151
154
148
159
152
142
171
153
155
152
141
142
154
154
150
170
150
150
150
151
148
155
155
153
155
155
156
164
155
153
153
148
156
159
158
153
158
152
148
153
156
160
143
156
154
148
156
148
155
151
148
158
168
166
147
159
151
146
152
146
149
156
153
153
151
146
161
147
150
153
144
146
156
154
162
151
152
160
168
150
150
150
156
141
155
153
135
148
168
166
154
147
174
157
151
167
158
172
159
149
147
157
157
162
144
155
172
152
142
154
151
149
148
149
147
150
146
151
165
163
161
154
159
150
166
150
163
166
148
151
153
152
149
157
153
154
156
146
167
166
143
153
157
151
171
148
155
152
157
160
153
164
154
159
149
173
151
148
141
143
155
150
158
152
163
159
146
154
156
147
161
164
149
154
147
163
151
148
148
152
142
154
148
150
154
151
152
150
143
153
152
138
154
158
150
154
159
163
154
152
149
146
160
147
159
161
148
150
147
160
166
149
152
148
157
148
152
156
143
152
143
155
157
153
149
154
151
156
159
160
150
160
152
156
153
150
145
154
151
143
160
155
152
153
162
150
152
146
157
153
150
152
143
154
146
160
154
154
163
144
157
153
148
144
136
152
165
153
143
152
155
159
151
149
155
138
145
157
157
144
158
152
158
163
159
156
152
144
160
142
155
150
165
151
154
156
152
154
154
157
150
150
154
163
148
152
155
153
155
162
150
153
159
160
152
158
151
154
152
158
150
151
161
151
154
145
152
159
142
151
154
153
163
150
142
154
148
151
146
162
155
150
159
165
156
154
149
146
153
151
155
147
146
151
146
152
164
170
157
157
160
155
154
152
145
156
152
151
146
158
142
144
159
157
147
153
151
145
149
166
163
156
151
156
164
152
154
167
149
153
162
151
158
155
162
137
150
153
137
151
150
150
145
152
146
153
151
154
154
157
167
151
151
154
163
148
157
156
150
153
147
157
156
151
161
155
155
153
160
162
142
158
139
146
153
153
144
156
151
158
152
154
156
150
158
156
151
161
157
159
154
164
158
158
153
152
149
150
145
147
149
161
162
158
151
156
160
149
154
153
149
158
151
154
154
140
158
151
151
155
147
140
155
147
165
153
157
147
153
153
157
145
159
154
159
149
157
151
152
149
153
161
154
152
147
157
155
149
157
151
151
152
158
149
156
155
151
137
163
150
147
159
153
149
151
146
150
157
148
150
157
149
153
152
163
153
149
146
152
155
157
164
146
156
150
155
160
146
166
164
151
155
149
156
149
153
166
153
153
165
147
144
143
153
156
154
153
153
153
152
154
159
144
144
148
147
141
157
151
151
157
159
154
175
152
153
148
148
143
160
157
148
152
154
151
153
152
161
149
154
143
143
152
153
143
158
160
153
149
161
155
146
151
146
159
159
153
150
154
151
157
160
150
149
154
157
154
155
173
151
154
148
148
162
148
155
147
154
156
158
150
146
155
156
155
150
156
149
155
155
175
144
147
158
153
153
151
160
153
150
151
158
161
140
166
152
162
155
154
150
158
160
153
154
148
152
161
164
146
154
155
156
148
149
150
151
155
147
152
154
146
164
154
153
152
159
153
154
168
145
149
149
151
154
138
147
156
154
156
154
153
161
156
156
149
140
165
151
150
154
146
150
149
150
154
159
150
162
151
155
146
151
167
154
134
155
155
164
155
152
156
149
155
156
153
150
157
153
149
158
152
143
154
149
146
153
149
149
150
149
159
154
156
164
169
154
151
158
155
150
156
150
156
159
148
151
154
166
153
154
145
160
155
149
152
153
155
159
148
162
152
153
153
157
146
157
148
148
153
151
146
157
161
159
155
152
157
154
157
156
161
155
154
149
157
156
154
155
152
155
158
152
155
158
152
154
160
150
150
151
159
158
150
153
159
151
150
151
170
155
139
146
160
149
152
151
155
158
152
151
145
156
160
157
153
147
152
155
152
163
146
153
157
167
155
155
168
159
147
141
157
148
155
150
147
161
160
156
145
155
149
159
168
152
157
160
156
155
151
154
150
154
154
155
160
152
157
150
156
145
155
151
145
153
155
151
150
162
151
147
153
158
155
153
153
156
150
151
150
151
151
153
161
147
153
155
168
143
141
149
164
165
154
165
154
150
153
145
148
145
159
159
145
150
155
158
148
152
152
154
155
153
158
149
150
155
150
155
150
151
148
148
149
150
155
162
158
162
151
157
151
162
158
166
158
144
154
170
147
135
155
150
147
149
160
151
152
156
152
151
153
136
154
167
154
157
147
145
151
143
141
148
155
154
151
155
155
151
152
170
153
150
151
157
145
153
153
158
157
147
159
148
156
156
152
157
166
159
146
154
155
154
156
160
158
146
142
152
147
152
148
154
155
158
160
150
151
154
151
152
154
146
153
152
160
152
155
154
149
160
154
151
171
167
148
155
150
148
159
160
175
156
154
148
151
153
162
153
142
151
148
165
148
150
156
146
150
152
148
153
155
157
152
150
153
155
153
152
149
155
139
160
157
156
150
154
160
147
145
156
157
155
151
150
151
150
154
150
155
144
162
158
152
151
142
149
165
139
150
150
161
160
151
153
143
152
152
159
155
163
145
148
153
148
162
154
153
151
157
151
176
151
153
154
150
156
154
154
155
158
137
151
146
160
157
147
148
155
147
157
141
150
153
157
154
146
155
149
152
151
150
151
161
152
154
147
157
161
156
150
153
157
159
153
149
155
154
155
151
157
150
139
156
155
160
151
145
150
151
150
150
156
146
146
154
149
149
153
156
155
141
147
154
155
155
156
154
151
144
160
154
150
163
156
150
150
163
146
155
153
152
151
145
154
153
149
153
158
156
144
150
152
147
149
151
152
155
163
150
151
148
154
163
155
153
146
161
155
152
155
150
149
160
154
144
147
148
161
151
154
153
160
143
149
150
159
152
155
146
148
161
170
145
155
153
157
151
148
150
158
162
152
161
163
163
149
143
161
156
148
160
150
145
148
156
152
154
150
144
150
151
147
149
153
155
156
161
155
155
156
156
153
150
156
151
157
152
149
149
152
154
154
159
152
156
152
163
151
154
158
153
158
156
153
160
174
150
153
145
139
151
163
146
152
155
161
151
157
157
155
153
155
148
152
157
156
161
154
149
149
161
146
145
158
153
